error: 0.67 | highest correlation: nan
best global temp: 5.575214109104866 | best alpha: 0.9316015467047691 | best average temperature: 1.50
time scale: <class 'ising.Jij_sorted_ising'> | partial correlation: False

        error  correlation  global temp     alpha
0    2.861441     0.151730     4.228518  1.321947
1    2.907197     0.114119     3.288842  2.762276
2    1.975335     0.022117     3.521288 -2.105277
3    2.059286     0.008114     2.971673 -2.105277
4    1.881096    -0.009345     2.971673 -1.607976
5    1.939713    -0.013147     2.971673 -1.607976
6    1.930697    -0.016610     2.971673 -1.607976
7    1.917637    -0.036828     2.971673 -1.607976
8    1.195998     0.236376    10.000000  3.000000
9    2.915705     0.138443    10.000000  3.000000
10   3.011022     0.128256    10.000000  3.000000
11   1.793678    -0.001172     2.999730 -1.589580
12   1.868616    -0.016644     2.999730 -1.589580
13   1.929322    -0.017150     2.999730 -1.589580
14   1.938375    -0.034556     2.987686 -1.597477
15   1.926924    -0.027599     2.987686 -1.597477
16   1.920771    -0.016033     2.987686 -1.597477
17   1.855204    -0.016317     2.975081 -1.605741
18   1.889677    -0.018063     2.975081 -1.605741
19   1.903593    -0.027686     2.975081 -1.605741
20   1.981525    -0.029229     2.973552 -1.606743
21   2.010319    -0.036814     2.973552 -1.606743
22   1.890355    -0.022670     2.973552 -1.606743
23   1.889974    -0.035061     2.972025 -1.607744
24   1.941648    -0.045030     2.972025 -1.607744
25   1.894519    -0.022191     2.972025 -1.607744
26   1.946661    -0.034431     2.971865 -1.607850
27   1.845888    -0.033589     2.971865 -1.607850
28   1.953348    -0.045100     2.971865 -1.607850
29   1.870866    -0.025110     2.971691 -1.607964
30   1.824347     0.000537     2.971691 -1.607964
31   1.926594     0.010921     2.971691 -1.607964
32   2.003294    -0.040658     2.971734 -1.607941
33   1.952320    -0.038045     2.971734 -1.607941
34   1.924823    -0.026979     2.971734 -1.607941
35   1.989332    -0.045909     2.971694 -1.607962
36   1.933336    -0.042301     2.971694 -1.607962
37   1.977285    -0.031194     2.971694 -1.607962
38   1.971532    -0.037191     2.971691 -1.607964
39   1.847373    -0.021548     2.971691 -1.607964
40   1.924266    -0.027186     2.971691 -1.607964
41   1.880941    -0.006205     2.971691 -1.607964
42   1.887802    -0.034813     2.971691 -1.607964
43   1.933034    -0.016106     2.971691 -1.607964
44   1.911973    -0.019676     2.971691 -1.607964
45   1.932381    -0.034804     2.971691 -1.607964
46   1.941365    -0.035745     2.971691 -1.607964
47   1.948341    -0.035901     2.971691 -1.607964
48   1.952843    -0.037322     2.971691 -1.607964
49   1.887944    -0.031651     2.971691 -1.607964
50   1.954304    -0.022211     2.971691 -1.607964
51   1.850433    -0.023962     2.971691 -1.607964
52   1.965360    -0.018383     2.971691 -1.607964
53   1.992025    -0.028916     2.971691 -1.607964
54   1.931072    -0.030635     2.971691 -1.607964
55   1.932293    -0.030695     2.971691 -1.607964
56   2.105567     0.208680     9.877176  2.126444
57   1.466709     0.019782     6.367867 -0.182866
58   1.507578     0.006390     7.156039 -0.182866
59   2.531943     0.174428     7.156039  1.879911
60   1.542600    -0.007414     6.367867 -0.182866
61   1.552204    -0.011025     6.367867 -0.182866
62   1.501309     0.008436     6.367867 -0.182866
63        NaN          NaN     0.100000  3.000000
64        NaN          NaN     0.100000  3.000000
65        NaN          NaN     0.100000  3.000000
66   2.282228     0.008217     9.758132 -2.117995
67   2.514536    -0.000696     9.849683 -2.639974
68   2.445942     0.004240     8.578472 -2.639974
69   1.226722     0.295304     8.578472  1.648332
70   1.226918     0.295123     8.578472  1.648332
71   1.201288     0.303177     8.578472  1.648332
72   1.237294     0.293296     8.578472  1.648332
73   2.617626     0.006161    10.000000 -3.000000
74   2.458150     0.027857    10.000000 -3.000000
75   2.602101     0.022587    10.000000 -3.000000
76   1.844590    -0.041469     9.372237 -0.947243
77   1.717317     0.000101     9.372237 -0.947243
78   1.770609    -0.001231     9.372237 -0.947243
79   1.220172     0.117342     9.004674  0.254671
80   1.237066     0.109746     9.004674  0.254671
81   1.283957     0.090009     9.004674  0.254671
82   0.921805     0.331463     8.625582  1.494285
83   0.944599     0.326194     8.625582  1.494285
84   0.950407     0.322592     8.625582  1.494285
85   1.122359     0.308246     8.587725  1.618076
86   1.168089     0.298032     8.587725  1.618076
87   1.152829     0.303319     8.587725  1.618076
88   1.183169     0.305790     8.580500  1.641700
89   1.214501     0.297968     8.580500  1.641700
90   1.246487     0.287991     8.580500  1.641700
91   1.261662     0.285898     8.578710  1.647554
92   1.260040     0.289333     8.578710  1.647554
93   1.234079     0.290787     8.578710  1.647554
94   1.242201     0.293108     8.578596  1.647925
95   1.240084     0.295079     8.578596  1.647925
96   1.245654     0.291824     8.578596  1.647925
97   1.254549     0.292457     8.578509  1.648211
98   1.219989     0.301757     8.578509  1.648211
99   1.226326     0.296300     8.578509  1.648211
100  1.216058     0.302075     8.578490  1.648272
101  1.222656     0.298627     8.578490  1.648272
102  1.238603     0.293179     8.578490  1.648272
103  1.238358     0.294548     8.578475  1.648320
104  1.234469     0.293617     8.578475  1.648320
105  1.233861     0.291389     8.578475  1.648320
106  1.224876     0.294782     8.578473  1.648328
107  1.200059     0.302689     8.578473  1.648328
108  1.240167     0.292043     8.578473  1.648328
109  1.227652     0.293067     8.578472  1.648332
110  1.229490     0.294345     8.578472  1.648332
111  1.252921     0.292070     8.578472  1.648332
112  1.213611     0.299703     8.578472  1.648332
113  1.188377     0.304320     8.578472  1.648332
114  1.222116     0.299254     8.578472  1.648332
115  1.242452     0.292845     8.578474  1.648331
116  1.219460     0.297519     8.578474  1.648331
117  1.220701     0.296133     8.578474  1.648331
118  1.231312     0.297387     8.578472  1.648332
119  1.235129     0.296684     8.578472  1.648332
120  1.216758     0.301760     8.578472  1.648332
121  1.230892     0.294106     8.578472  1.648332
122  1.216100     0.298509     8.578472  1.648332
123  1.242179     0.292543     8.578472  1.648332
124  1.234087     0.290723     8.578472  1.648332
125  1.205562     0.300229     8.578472  1.648332
126  1.232606     0.293280     8.578472  1.648332
127  1.244145     0.293756     8.578472  1.648332
128  1.235907     0.296943     8.578472  1.648332
129  1.223918     0.296133     8.578472  1.648332
130  1.196584     0.303462     8.578472  1.648332
131  1.219524     0.298306     8.578472  1.648332
132  1.264602     0.285419     8.578472  1.648332
133  1.223362     0.298257     8.578482  1.648324
134  1.234943     0.295536     8.578482  1.648324
135  1.222866     0.298846     8.578482  1.648324
136  1.243662     0.291621     8.578476  1.648329
137  1.219515     0.291971     8.578476  1.648329
138  1.195249     0.302604     8.578476  1.648329
139  1.255970     0.285949     8.578473  1.648331
140  1.244447     0.291589     8.578473  1.648331
141  1.237073     0.292482     8.578473  1.648331
142  1.222901     0.297067     8.578472  1.648332
143  1.227608     0.296465     8.578472  1.648332
144  1.244011     0.291403     8.578472  1.648332
145  1.214326     0.299790     8.578472  1.648332
146  1.212271     0.299295     8.578472  1.648332
147  1.243329     0.292965     8.578472  1.648332
148  1.209779     0.300330     8.578472  1.648332
149  1.229249     0.294651     8.578472  1.648332
150  1.221279     0.296160     8.578472  1.648332
151  1.201144     0.297595     8.578472  1.648332
152  1.228946     0.298265     8.578472  1.648332
153  1.248436     0.292047     8.578472  1.648332
154  1.233229     0.293431     8.578472  1.648332
155  1.241741     0.293407     8.578472  1.648332
156  1.217245     0.297411     8.578472  1.648332
157  1.238593     0.294425     8.578472  1.648332
158  1.248746     0.289533     8.578472  1.648332
159  1.188374     0.305530     8.578472  1.648332
160  1.189688     0.301047     8.578472  1.648332
161  1.227436     0.294510     8.578472  1.648332
162  1.233647     0.295176     8.578472  1.648332
163  1.237831     0.295248     8.578472  1.648332
164  1.207645     0.302203     8.578472  1.648332
165  1.228269     0.294191     8.578472  1.648332
166  1.227402     0.296619     8.578472  1.648332
167  1.227412     0.295865     8.578472  1.648332
168  1.212419     0.299949     8.578472  1.648332
169  1.218408     0.301351     8.578472  1.648332
170  1.250123     0.290666     8.578472  1.648332
171  1.226805     0.296000     8.578472  1.648332
172  1.677919     0.193026     5.972911  2.768913
173  2.858856     0.118533     3.291066  2.835056
174  2.943358     0.109775     2.967194  2.835056
175  2.979717     0.004153     2.967194  0.931352
176  0.669431     0.396043     5.575214  0.931602
177  1.976052     0.000197     3.440681 -2.023250
178  2.214377    -0.027345     7.512888 -2.023250
179  2.392682    -0.029416     7.512888 -2.160403
180  0.707957     0.374637     5.575214  0.931602
181  0.693275     0.383123     5.575214  0.931602
182  0.686064     0.388086     5.575214  0.931602
183  2.969297     0.131566    10.000000  3.000000
184  0.914815     0.321013    10.000000  3.000000
185  3.000774     0.130474    10.000000  3.000000
186  2.540239     0.169994     8.151821  2.136055
187  2.609720     0.165707     8.151821  2.136055
188  2.643728     0.163161     8.151821  2.136055
189  1.839148     0.231241     7.030773  1.612013
190  1.847636     0.231992     7.030773  1.612013
191  1.781113     0.248960     7.030773  1.612013
192  0.741184     0.383486     5.916309  1.091049
193  0.750499     0.377615     5.916309  1.091049
194  0.768390     0.373115     5.916309  1.091049
195  0.706278     0.383755     5.740539  1.008884
196  0.706152     0.386242     5.740539  1.008884
197  0.711104     0.383480     5.740539  1.008884
198  0.706942     0.377934     5.632640  0.958446
199  0.698921     0.381934     5.632640  0.958446
200  0.709217     0.376961     5.632640  0.958446
201  0.707081     0.375570     5.591863  0.939384
202  0.700452     0.379346     5.591863  0.939384
203  0.677433     0.393488     5.591863  0.939384
204  0.677106     0.393390     5.578990  0.933367
205  0.680052     0.390406     5.578990  0.933367
206  0.720131     0.369507     5.578990  0.933367
207  0.683959     0.388089     5.577064  0.932466
208  0.673284     0.395096     5.577064  0.932466
209  0.694340     0.382075     5.577064  0.932466
210  0.691918     0.383952     5.575762  0.931858
211  0.698800     0.380609     5.575762  0.931858
212  0.689920     0.385886     5.575762  0.931858
213  0.707416     0.375320     5.575419  0.931698
214  0.688794     0.385839     5.575419  0.931698
215  0.698443     0.379670     5.575419  0.931698
216  0.712521     0.372526     5.575259  0.931622
217  0.681741     0.389678     5.575259  0.931622
218  0.713761     0.372402     5.575259  0.931623
219  0.696774     0.381224     5.575223  0.931606
220  0.682224     0.388947     5.575223  0.931606
221  0.701148     0.378812     5.575223  0.931606
222  0.694120     0.383657     5.575216  0.931603
223  0.685451     0.387063     5.575216  0.931603
224  0.702212     0.378070     5.575216  0.931603
225  0.680091     0.390707     5.575218  0.931603
226  0.678959     0.391973     5.575218  0.931603
227  0.678122     0.392041     5.575218  0.931603
228  0.711623     0.373004     5.575219  0.931603
229  0.688136     0.385718     5.575219  0.931603
230  0.698176     0.380104     5.575219  0.931603
231  0.682289     0.388425     5.575218  0.931603
232  0.688751     0.385496     5.575218  0.931603
233  0.689649     0.385515     5.575218  0.931603
234  0.700322     0.379497     5.575218  0.931603
235  0.688363     0.386323     5.575218  0.931603
236  0.690474     0.384301     5.575218  0.931603
237  0.669017     0.396951     5.575218  0.931603
238  0.670264     0.397270     5.575218  0.931603
239  0.701945     0.378930     5.575218  0.931603
240  0.702457     0.378598     5.575218  0.931603
241  0.693588     0.382273     5.575218  0.931603
242  0.691645     0.383323     5.575218  0.931603
243  0.685761     0.387866     5.575218  0.931603
244  0.691105     0.383777     5.575218  0.931603
245  0.727781     0.363846     5.575218  0.931603
246  0.701275     0.380183     5.575218  0.931603
247  0.706295     0.376130     5.575218  0.931603
248  0.688069     0.386726     5.575218  0.931603
249  1.682190    -0.024990     9.632754 -0.648412
250  2.808075     0.150375     6.800815  1.967486
251  1.828257     0.238883     9.374534  1.967486
252  0.689325     0.376495     9.374534  1.016265
253       NaN          NaN     0.205585  1.998367
254  1.893365     0.027598     5.447208 -1.640706
255  1.885988     0.019194     6.720335 -1.640706
256  2.213677    -0.004585     6.720335 -2.176098
257  1.727786     0.017032     0.148063 -2.758764
258  0.803734     0.314218     6.488431  0.586555
259  0.986669     0.224854     1.676487  0.586555
260  3.179840     0.080607     1.676487  1.641315
261  1.599713    -0.009625     8.970848 -0.489258
262  1.007287     0.212238     6.151164  0.389188
263  2.146548    -0.036380     1.975872  0.389188
264  3.479616     0.075288     1.975872  2.730984
265  2.656945     0.157572     9.039233  2.294344
266  2.281452     0.017951     4.970904 -2.973985
267  2.620504    -0.010279     7.046812 -2.973985
268  0.855608     0.334307     7.046812  2.331239
269       NaN          NaN     0.231339  1.886322
270  1.522912    -0.002401     4.566444 -0.221957
271  1.555744    -0.011213     6.152184 -0.221957
272  2.702342     0.155924     6.152184  1.942211
273  1.710295    -0.046925     4.552785 -0.731103
274  2.058540     0.123859     6.070723  2.952572
275  3.867108    -0.001194     1.418795  2.952572
276  3.660629     0.041840     1.418795  2.305505
277  1.894186     0.012103     3.453598 -1.904863
278  2.868654     0.147673     7.256574  2.190624
279       NaN          NaN     0.275735  2.190624
280  1.772061    -0.053226     7.256574 -0.738905
281  1.118880     0.161640     1.383530  0.406550
282  1.533035    -0.004892     6.417602 -0.138405
283  1.444564     0.024163     3.522890 -0.138405
284  2.658431     0.110411     3.522890  2.252661
285  2.440009     0.020602     6.451621 -2.935865
286  0.875107     0.277501     8.294373  0.547330
287  0.873470     0.281088     2.037874  0.547330
288  1.485476     0.010349     2.037874 -0.453855
289  1.814699    -0.034818     5.802101 -0.948830
290  0.764981     0.335132     6.704475  0.636703
291  0.815662     0.307814     7.686510  0.636703
292  1.241969     0.107253     7.686510  0.217998
293  1.290422     0.085654     3.800544  0.031596
294  0.709281     0.364900     8.814487  0.827049
295  0.672338     0.386329     6.512547  0.827049
296  2.248208     0.001449     6.512547 -2.271339
297  1.685999    -0.036483     8.193519 -0.541751
298  1.087622     0.316609     6.631077  1.350361
299  1.302234     0.294005     6.214510  1.350361
300  1.549043     0.197989     6.214510  2.874340
301  2.094669     0.023680     6.211052 -2.267561
302  2.057780    -0.001655     9.598778 -1.488516
303  1.984355    -0.014883     7.065845 -1.488516
304  0.851086     0.351780     7.065845  1.290690
305  2.298951    -0.009633     3.525105 -2.520284
306  1.633253    -0.004518     7.367587 -0.741765
307       NaN          NaN     0.676805  1.290690
308  2.900044     0.144433     7.065845  2.086094
309  1.833606    -0.040853     9.637215 -0.872939
310  0.851129     0.312511     4.529938  0.845015
311  1.311024     0.074631     1.552537  0.845015
312  1.980337     0.106754     1.552537  1.117929
313  1.390508     0.047798     6.105302 -0.025942
314  2.193111    -0.028296     0.953801 -2.895631
315  1.289911     0.085544     3.018744 -0.025942
316  2.246773    -0.013628     3.018744 -2.662244
317  1.649153    -0.010934     2.060793 -1.158538
318  1.282212     0.089410     4.703534  0.104967
319  1.321949     0.073438     5.834270  0.104967
320  3.096199     0.128470     5.834270  2.001655
321       NaN          NaN     0.200935  0.650478
322  1.585369    -0.022744     2.725371 -0.574544
323  1.276615     0.093888     7.482224  0.104967
324  1.972238    -0.007396     7.482224 -1.476781
325  2.161562    -0.020535     0.769869 -2.809873
326  2.091992    -0.016761     8.342488 -1.619103
327  1.429894     0.032281     8.506698  0.104967
328  2.165055    -0.044610     7.482224 -1.629408
329  1.376403     0.051197     2.410692 -0.171704
330  1.845389    -0.006758     9.984885 -1.110650
331  1.514743     0.003763     6.814426 -0.171704
332  0.844922     0.292780     6.814426  0.557333
333  1.767593    -0.039893     9.279302 -0.790812
334  3.044070     0.080682     2.383625  2.232976
335  0.976951     0.226769     9.274972  0.557333
336  2.127178     0.207987     9.274972  2.048983
337  2.956047     0.133258     6.123700  2.250968
338  2.062369     0.010366     8.189585 -1.959738
339  0.909112     0.263480     1.813810  0.557333
340  1.196539     0.125762     1.813810  0.838556
341  1.660602    -0.033098     6.042138 -0.602068
342  1.880886    -0.023621     2.099443  0.329221
343  0.949883     0.243446     1.633539  0.557333
344  2.040396    -0.027494     1.633539 -2.441799
345  2.595162     0.109522     4.712480  2.945663
346  1.071109     0.198092     3.454659  1.434958
347  1.486786     0.005908     1.193746  0.557333
348  3.663661     0.040937     1.633539  2.641473
349  0.687978     0.377170     8.710511  0.968283
350  2.760554     0.103507     3.318461  2.384631
351  1.048742     0.320641     4.329510  0.968283
352  2.655369    -0.001714     8.710511 -2.814424
353  0.922749     0.294282     5.764364  2.121127
354  3.088038     0.101492     1.673585  1.585061
355  0.731648     0.369095     5.532908  0.968283
356  1.783367    -0.014750     5.532908 -1.192592
357  2.908241     0.144194     7.206086  2.145969
358  1.782258    -0.009876     5.139129 -1.132978
359       NaN          NaN     0.636002  0.968283
360  2.153874     0.013762     5.532908 -2.298821
361  1.336617     0.065161     0.986930  0.128685
362  3.025240     0.135350     6.851081  2.228362
363  0.682037     0.384660     6.428640  0.968283
364  0.711814     0.364078     6.428640  0.711384
365  2.843577     0.144555     6.219789  2.010719
366  2.352537     0.026542     9.885215 -2.482670
367  0.813224     0.308967     9.834612  0.711384
368  1.322419     0.074980     9.834612  0.179231
369  2.140315    -0.028105     8.824971 -1.778591
370  2.726075     0.105979     3.685295  2.726969
371  0.731664     0.353104     5.185226  0.711384
372  2.453487     0.024130     5.185226 -2.924647
373  1.666269    -0.014089     2.481805 -1.132021
374  2.082049    -0.016592     4.209538 -1.849078
375  0.773524     0.330133     9.093082  0.711384
376  1.221879     0.116412     9.093082  0.274448
377  3.293313     0.077369     1.775823  1.844218
378       NaN          NaN     0.992241  2.670372
379  0.784613     0.323989     7.562771  0.711384
380  1.148966     0.248763     7.562771  2.648169
381  1.161143     0.248990     6.693405  2.411195
382  2.047364     0.008127     4.360737 -2.040820
383  1.898987     0.017696     3.038651  0.711384
384  0.874109     0.347456     7.562771  1.354463
385  1.685890     0.168357     6.101702  2.761730
386  2.479646     0.165738     3.812606  1.148360
387  3.489934     0.059141     1.236664  1.354463
388  1.874681    -0.019413     7.562771 -1.225580
389  0.929371     0.308979     7.834544  2.612320
390  0.675030     0.386336     8.162949  1.042191
391  2.342795     0.202415     3.373112  1.042191
392  2.019668    -0.002100     8.162949 -1.629133
393  1.686775    -0.021337     8.917938 -0.709249
394       NaN          NaN     0.151043  1.962665
395  0.681934     0.382640     8.099417  1.042191
396  2.672493     0.162165     8.099417  2.163429
397  1.743569     0.011553     6.539068 -1.117162
398  1.176037     0.245320     5.982120  2.273347
399  0.674118     0.388250     7.451487  1.042191
400  2.120523    -0.034197     7.451487 -1.538450
401  2.290570    -0.034573     3.242476 -2.419808
402  3.359167     0.059723     2.249926  2.538247
403  3.142541     0.131425     2.751710  1.042191
404  1.864076     0.036343     7.451487 -1.556006
405  1.545272     0.047044     2.916223  0.562373
406  2.122316    -0.019116     4.358130 -1.900620
407  1.315764     0.328706     4.285824  1.042191
408  2.054020     0.005301     7.451487 -2.033411
409  0.802420     0.318576     2.144393  0.623175
410  1.404740     0.043825     9.775342  0.070156
411  0.677114     0.384360     9.046610  1.042191
412  1.250474     0.104267     9.046610  0.240445
413  2.740149    -0.036850     9.905783 -2.769489
414  1.016564     0.208192     9.455969  0.432887
415  4.017513    -0.036880     0.875775  1.042191
416  0.846579     0.345955     9.046610  1.468185
417  1.845419    -0.029786     4.585289 -1.136325
418  1.463933     0.019150     7.842517  0.034130
419  0.816976     0.308217     3.056843  1.042191
420  1.350088     0.281172     9.046610  1.751070
421  1.237126     0.110141     9.152116  0.229633
422  1.972812    -0.036571     8.175824 -1.391745
423  2.214089     0.241146     3.557763  1.042191
424  1.697051    -0.028326     9.046610 -0.658921
425  1.233530     0.109331     4.198809  0.185918
426  1.754417    -0.021467     4.922287 -1.097427
427  0.686085     0.381089     7.851190  1.042191
428  1.828518     0.237375     7.851190  1.745723
429  1.885602    -0.036892     0.786709 -2.007769
430  0.713122     0.371060     9.619426  1.228490
431  2.850667     0.141794     3.878327  1.228490
432  2.773722     0.154259     9.619426  2.603753
433  0.912646     0.339977     7.505235  1.380855
434  1.496923     0.047583     2.861690  0.512604
435       NaN          NaN     1.034653  1.228490
436  1.914089     0.021988     9.619426 -1.518801
437  1.706615    -0.019240     7.603532 -0.821199
438  1.331402     0.070951     6.997362  0.087818
439  2.310930     0.196890     4.450334  1.228490
440  0.715540     0.369018     9.619426  1.232996
441  1.808821     0.065234     2.541544  1.337065
442  2.795933     0.134724     2.444475  2.146015
443       NaN          NaN     0.659164  1.232996
444  1.867630     0.018109     9.619426 -1.202550
445  2.369113    -0.004227     7.693579 -2.396396
446  1.749910     0.126497     2.907622  1.581742
447  0.734951     0.373784     7.728044  1.232996
448  2.166908     0.203928     7.728044  1.839975
449  1.924775     0.021592     6.670614 -1.800573
450  0.818415     0.306054     4.787495  0.519697
451  1.710438     0.261638     4.962721  1.232996
452  1.783308    -0.025898     7.728044 -1.082861
453  1.522149    -0.003111     2.074492 -0.485700
454  1.761945    -0.035045     2.908190 -1.198632
455  2.705934     0.164708     4.087497  1.232996
456  0.828583     0.357694     7.728044  1.349190
457  1.886767    -0.037501     6.128629 -1.289380
458  1.829791    -0.042566     8.422458 -0.774039
459  0.729734     0.363004     9.476391  1.232996
460  1.770575     0.235021     9.476391  1.936523
461  0.803101     0.314117     9.819966  0.723973
462  1.999674    -0.011933     5.645882 -1.706367
463  0.978974     0.347679     5.975045  1.232996
464  1.586698    -0.014333     9.476391 -0.276175
465  0.692308     0.374656     7.490003  0.798964
466  0.830286     0.300742     6.078926  0.485272
467  0.770220     0.331440     9.989654  0.798964
468  0.921645     0.337495     7.490003  1.377758
469  1.165922     0.138526     3.083083  0.218018
470  2.927546     0.142557     6.732001  2.171715
471  0.733414     0.351574     9.306115  0.798964
472  2.402807    -0.024872     7.490003 -2.518055
473  1.860424    -0.026750     8.252727 -1.000306
474  2.512775    -0.022840     6.448667 -2.453017
475  0.869252     0.299507     4.321276  0.798964
476  1.427244     0.035512     7.490003 -0.070683
477  2.177493    -0.010259     3.641590 -2.292583
478  3.059631     0.131172     6.467294  2.157930
479  0.823093     0.318651     4.369053  0.798964
480  2.797716     0.148522     7.490003  2.104565
481  2.160721    -0.009131     9.667032 -1.808389
482  1.670117    -0.017884     1.325718 -1.287600
483  0.703415     0.368373     8.747605  0.798964
484  1.628521    -0.030559     7.490003 -0.340364
485  1.662420     0.282504     4.141178  1.065626
486  1.786537     0.023945     5.918732 -1.515891
487  0.773666     0.338508     4.627685  0.798964
488  1.633033    -0.022022     7.490003 -0.498252
489  1.074121     0.179673     3.350547  0.306111
490  1.562675    -0.015499     2.480903 -0.569004
491  2.476014    -0.015356     2.960812  0.798964
492  1.060009     0.187402     7.490003  0.450587
493  2.184089    -0.003596     1.580191 -2.717465
494  1.516021     0.000729     9.587755  0.046051
495  1.476737     0.005960     1.415225  0.798964
496  2.055033     0.031731     7.490003 -1.999717
497  1.537588    -0.005097     2.086123 -0.643250
498  1.577675    -0.019080     8.467434 -0.130026
499  0.722789     0.357503     9.147764  0.798964