error: 0.35 | highest correlation: nan
best global temp: 6.038837720788427 | best alpha: 1.0634279411397074 | best average temperature: 1.26
time scale: <class 'ising.Jij_sorted_ising'> | partial correlation: False

        error  correlation  global temp     alpha
0    1.371880     0.473679     4.228518  1.321947
1    2.602929     0.108143     3.288842  2.762276
2    2.129448    -0.001094     3.521288 -2.105277
3    1.959664    -0.015764     2.971673 -2.105277
4    0.847298     0.495028     2.971673  0.879673
5    0.856300     0.487858     2.971673  0.879673
6    0.832136     0.494317     2.971673  0.879673
7    0.854664     0.488733     2.971673  0.879673
8    0.689073     0.403554    10.000000  3.000000
9    2.902201     0.142066    10.000000  3.000000
10   2.744988     0.160044    10.000000  3.000000
11   0.829109     0.505525     3.001894  0.888790
12   0.869306     0.491307     3.001895  0.888790
13   0.870464     0.491380     3.001894  0.888790
14   0.830858     0.499253     2.988027  0.884606
15   0.855804     0.492191     2.988027  0.884606
16   0.839911     0.494665     2.988027  0.884606
17   0.898537     0.479114     2.979960  0.882173
18   0.838240     0.497259     2.979960  0.882173
19   0.865810     0.489897     2.979960  0.882173
20   0.840613     0.492561     2.972671  0.879974
21   0.882888     0.477518     2.972671  0.879974
22   0.899006     0.473824     2.972671  0.879974
23   0.835808     0.496943     2.972218  0.879837
24   0.856411     0.488751     2.972218  0.879837
25   0.841086     0.492164     2.972218  0.879837
26   0.846859     0.494129     2.971938  0.879753
27   0.843828     0.492729     2.971938  0.879753
28   0.874736     0.483082     2.971938  0.879753
29   0.871547     0.483013     2.971771  0.879702
30   0.864811     0.486188     2.971771  0.879702
31   0.864297     0.486088     2.971771  0.879702
32   0.867208     0.483894     2.971700  0.879681
33   0.827125     0.497514     2.971700  0.879681
34   0.846878     0.494492     2.971700  0.879681
35   0.865256     0.488373     2.971677  0.879674
36   0.840096     0.493149     2.971677  0.879674
37   0.869177     0.484957     2.971677  0.879674
38   0.847076     0.492751     2.971674  0.879673
39   0.866964     0.483430     2.971674  0.879673
40   0.839367     0.490945     2.971674  0.879673
41   0.842816     0.495171     2.971674  0.879673
42   0.831821     0.498341     2.971674  0.879673
43   0.831056     0.497756     2.971674  0.879673
44   0.854046     0.490463     2.971674  0.879673
45   0.859044     0.486912     2.971674  0.879673
46   0.855477     0.487332     2.971674  0.879673
47   0.871962     0.482287     2.971674  0.879673
48   0.846562     0.496389     2.971674  0.879673
49   0.868301     0.487572     2.971674  0.879673
50   0.871135     0.485411     2.971674  0.879673
51   0.888550     0.476991     2.971674  0.879673
52   0.845039     0.490670     2.971674  0.879673
53   0.849575     0.490553     2.971674  0.879673
54   0.859297     0.487714     2.971674  0.879673
55   0.878201     0.480152     2.971674  0.879673
56   0.856037     0.489179     2.971674  0.879673
57   0.833751     0.498384     2.971674  0.879673
58   0.829333     0.497611     2.971674  0.879673
59   0.845679     0.494495     2.971674  0.879673
60   0.857711     0.488983     2.971674  0.879673
61   0.863269     0.485729     2.971674  0.879673
62   0.869368     0.485106     2.971674  0.879673
63   0.851736     0.491316     2.971674  0.879673
64   0.865091     0.483863     2.971674  0.879673
65   1.250098     0.103259     6.361410  0.069410
66   1.714752    -0.039781     9.870720 -0.767958
67   1.712451    -0.061451     5.033497 -0.767958
68   0.393916     0.569079     5.033497  0.682841
69   0.395053     0.568257     5.033497  0.682841
70   0.391576     0.570721     5.033497  0.682841
71   0.404867     0.560999     5.033497  0.682841
72   2.508749    -0.001919    10.000000 -3.000000
73   2.583109    -0.008480    10.000000 -3.000000
74   2.527476    -0.008786    10.000000 -3.000000
75   0.534367     0.475249     5.295510  0.488549
76   0.496173     0.500876     5.295510  0.488549
77   0.515010     0.488249     5.295510  0.488549
78   0.409724     0.558148     5.070564  0.655354
79   0.407031     0.560112     5.070564  0.655354
80   0.432079     0.541629     5.070564  0.655354
81   0.402206     0.562982     5.039436  0.678437
82   0.392319     0.570347     5.039436  0.678437
83   0.415956     0.552790     5.039436  0.678437
84   0.385606     0.575516     5.034427  0.682151
85   0.414849     0.553701     5.034427  0.682151
86   0.390202     0.571892     5.034427  0.682151
87   0.400887     0.563999     5.034005  0.682464
88   0.385349     0.575611     5.034005  0.682464
89   0.409534     0.557428     5.034005  0.682464
90   0.395457     0.568061     5.033573  0.682785
91   0.390144     0.572002     5.033573  0.682785
92   0.383421     0.577003     5.033573  0.682785
93   0.402392     0.562848     5.033527  0.682819
94   0.406751     0.559318     5.033527  0.682819
95   0.388309     0.573483     5.033527  0.682819
96   0.402067     0.562966     5.033513  0.682829
97   0.387649     0.573803     5.033513  0.682829
98   0.402200     0.562774     5.033513  0.682829
99   0.387277     0.574026     5.033500  0.682839
100  0.401595     0.563264     5.033500  0.682839
101  0.390505     0.571734     5.033500  0.682839
102  0.417105     0.551964     5.033499  0.682840
103  0.386815     0.574565     5.033499  0.682840
104  0.397883     0.566135     5.033499  0.682840
105  0.398066     0.566098     5.033499  0.682839
106  0.395362     0.568047     5.033499  0.682839
107  0.401107     0.563810     5.033499  0.682839
108  0.394082     0.568937     5.033500  0.682839
109  0.388245     0.573266     5.033500  0.682839
110  0.391586     0.570842     5.033500  0.682839
111  0.404882     0.560881     5.033500  0.682839
112  0.399477     0.564793     5.033500  0.682839
113  0.394671     0.568592     5.033500  0.682839
114  0.395040     0.568028     5.033500  0.682839
115  0.398345     0.565801     5.033500  0.682839
116  0.404630     0.561145     5.033500  0.682839
117  0.408509     0.558239     5.033501  0.682831
118  0.407830     0.558721     5.033501  0.682831
119  0.387279     0.574158     5.033501  0.682831
120  0.390482     0.571625     5.033501  0.682835
121  0.400976     0.563767     5.033501  0.682835
122  0.417178     0.551925     5.033501  0.682835
123  0.398535     0.565595     5.033501  0.682833
124  0.402306     0.562857     5.033501  0.682833
125  0.399939     0.564571     5.033501  0.682833
126  0.407652     0.558937     5.033501  0.682834
127  0.399807     0.564557     5.033501  0.682834
128  0.396550     0.567160     5.033501  0.682834
129  0.402012     0.563059     5.033501  0.682834
130  0.394504     0.568490     5.033501  0.682834
131  0.411796     0.555660     5.033501  0.682834
132  0.407353     0.559022     5.033501  0.682835
133  0.397313     0.566372     5.033501  0.682835
134  0.395209     0.568100     5.033501  0.682835
135  2.548326     0.179159     2.215454  0.910066
136  2.009215    -0.025030     3.914535 -1.996813
137  1.889306    -0.039318     1.413089 -1.996813
138  2.452765     0.041366     1.413089  0.538232
139  1.646992    -0.042727     8.732695 -0.448897
140  1.005007     0.280828     4.703403  2.203109
141  3.358110     0.072874     1.610363  2.203109
142  1.413926     0.122207     1.610363  0.299404
143  2.037625    -0.043545     0.447512 -2.662397
144  2.241864     0.246642     9.607759  2.491479
145  1.141511     0.262472     5.323779  2.491479
146  0.351214     0.598796     5.323779  0.925644
147  0.351084     0.598727     5.323779  0.925644
148  0.348256     0.600772     5.323779  0.925644
149  0.355499     0.595110     5.323779  0.925644
150  2.594796     0.007036    10.000000 -3.000000
151  2.453642     0.004651    10.000000 -3.000000
152  2.599269    -0.003414    10.000000 -3.000000
153  1.850864    -0.029613     8.032824 -1.348574
154  1.848713    -0.030361     8.032824 -1.348574
155  1.935273    -0.041903     8.032824 -1.348574
156  0.363151     0.589450     5.432678  0.834224
157  0.360768     0.591536     5.432678  0.834224
158  0.369074     0.584934     5.432678  0.834224
159  0.364954     0.588031     5.345702  0.907239
160  0.356754     0.593825     5.345702  0.907239
161  0.346942     0.601853     5.345702  0.907239
162  0.361790     0.590344     5.334819  0.916376
163  0.351980     0.597726     5.334819  0.916376
164  0.354695     0.595910     5.334819  0.916376
165  0.353851     0.596798     5.326552  0.923316
166  0.357129     0.593654     5.326552  0.923316
167  0.352747     0.597442     5.326552  0.923316
168  0.360354     0.591504     5.325020  0.924602
169  0.355651     0.595679     5.325020  0.924602
170  0.352131     0.598098     5.325020  0.924602
171  0.353430     0.596697     5.324267  0.925235
172  0.361547     0.590541     5.324267  0.925235
173  0.349930     0.599857     5.324267  0.925235
174  0.363044     0.589635     5.324038  0.925427
175  0.357308     0.593864     5.324038  0.925427
176  0.355340     0.595319     5.324038  0.925427
177  0.356887     0.594433     5.323870  0.925567
178  0.361923     0.590515     5.323870  0.925567
179  0.344637     0.603644     5.323870  0.925567
180  0.357847     0.593739     5.323829  0.925602
181  0.356243     0.594721     5.323829  0.925602
182  0.345204     0.603564     5.323829  0.925602
183  0.341261     0.606427     5.323805  0.925622
184  0.354304     0.596296     5.323805  0.925622
185  0.355550     0.595266     5.323805  0.925622
186  0.349442     0.600292     5.323788  0.925636
187  0.351278     0.598404     5.323788  0.925636
188  0.350956     0.598952     5.323788  0.925636
189  0.356743     0.594197     5.323782  0.925641
190  0.364425     0.588518     5.323782  0.925641
191  0.364379     0.588895     5.323782  0.925641
192  0.349726     0.600196     5.323780  0.925643
193  0.354097     0.596329     5.323780  0.925643
194  0.357166     0.594189     5.323780  0.925643
195  0.360183     0.591526     5.323782  0.925640
196  0.344596     0.603648     5.323782  0.925640
197  0.352402     0.597527     5.323782  0.925640
198  0.347981     0.601368     5.323781  0.925642
199  0.350956     0.598790     5.323781  0.925642
200  0.354092     0.596315     5.323781  0.925642
201  0.352753     0.597723     5.323785  0.925635
202  0.351566     0.598357     5.323785  0.925635
203  0.350326     0.599848     5.323785  0.925635
204  0.353075     0.597226     5.323783  0.925639
205  0.353777     0.596634     5.323783  0.925639
206  0.357995     0.593231     5.323783  0.925639
207  0.357438     0.594183     5.323781  0.925642
208  0.347680     0.601494     5.323781  0.925642
209  0.356859     0.594220     5.323781  0.925642
210  0.351078     0.598743     5.323781  0.925642
211  0.349604     0.599787     5.323781  0.925642
212  0.352848     0.597490     5.323781  0.925642
213  0.357320     0.594280     5.323781  0.925642
214  0.358852     0.592559     5.323781  0.925642
215  0.353039     0.597491     5.323781  0.925642
216  0.359639     0.592143     5.323781  0.925642
217  0.354644     0.596290     5.323781  0.925642
218  0.351281     0.598246     5.323781  0.925642
219  0.346178     0.602690     5.323781  0.925642
220  0.355678     0.595541     5.323781  0.925642
221  0.356381     0.594620     5.323781  0.925642
222  0.345289     0.603012     5.323781  0.925642
223  0.351463     0.598673     5.323781  0.925642
224  0.359464     0.592089     5.323781  0.925642
225  0.356041     0.594771     5.323781  0.925642
226  0.356498     0.594324     5.323781  0.925642
227  0.352854     0.597579     5.323781  0.925642
228  0.358954     0.592746     5.323781  0.925642
229  0.352392     0.598326     5.323781  0.925642
230  0.351882     0.597827     5.323781  0.925642
231  0.358519     0.592813     5.323781  0.925642
232  0.359014     0.592861     5.323781  0.925642
233  0.360145     0.591669     5.323781  0.925642
234  0.367331     0.586259     5.323781  0.925642
235  0.355770     0.595304     5.323781  0.925642
236  0.363095     0.589494     5.323781  0.925642
237  1.261447     0.098865     8.469608  0.093676
238  3.918135    -0.021158     1.143326  2.367395
239  0.743779     0.375404     5.525345  2.367395
240  0.616103     0.424654     5.525345  0.398446
241  1.688726    -0.028986     8.090736 -0.929068
242  1.694740    -0.033198     1.263394 -1.464460
243  1.825153    -0.052853     2.372042 -1.464460
244  1.155460     0.144528     2.372042 -0.202105
245  1.757040     0.022322     0.714887  0.690586
246  3.340614     0.045519     2.069647  2.428254
247  0.946885     0.315086     5.418358  2.428254
248  0.727189     0.556398     5.418358  1.382578
249  1.712082    -0.068716     5.294985 -0.598552
250  1.732785    -0.062295     2.458346 -1.035191
251  1.675821    -0.040649     3.053673 -1.035191
252  1.077941     0.296052     3.053673  1.843041
253  0.416583     0.547947     8.933752  1.111370
254  0.767490     0.336859     8.348956  0.416594
255  2.061513     0.057737     1.429292  0.416594
256  2.947657     0.067565     1.429292  1.369891
257  1.980809    -0.037263     5.329179 -1.782593
258  1.834641     0.311707     9.726584  2.314812
259  2.875630     0.160603     6.529194  2.314812
260  1.366948     0.054474     6.529194 -0.042283
261  2.214219    -0.016013     4.581069 -2.309971
262  2.183314    -0.033993     0.690295 -2.957039
263  2.368791    -0.017833     5.743432 -2.957039
264  1.790725    -0.021452     5.743432 -1.384943
265  3.126216     0.080360     1.543348  1.686938
266  0.592207     0.438118     9.894126  0.580073
267  2.716562     0.018902     0.325073  0.580073
268  0.549190     0.554446     9.894126  1.818667
269  1.225991     0.253680     6.217547  2.942087
270  2.307471     0.007137     4.976668 -2.970740
271  2.477705    -0.008413     6.875114 -2.970740
272  2.375525    -0.012753     6.875114 -2.667593
273  2.412849    -0.016775     7.262648 -2.475565
274  2.319915    -0.008262     5.678696 -2.645148
275  2.420723    -0.016419     6.660731 -2.645148
276  0.487896     0.506123     6.660731  0.581740
277  0.850687     0.290429     2.490870  0.064981
278  2.123704     0.281275     7.191060  2.065170
279  1.232268     0.111115     7.192482  0.064981
280  2.378925    -0.033447     7.192482 -2.330786
281  2.744976     0.163683     9.911514  2.830765
282  1.906087    -0.017116     6.134593 -1.645693
283  2.006090    -0.013264     7.348213 -1.645693
284  1.977848    -0.030558     7.348213 -1.479843
285  3.033279     0.116391     2.205314  2.790321
286  1.695588    -0.035826     0.835940 -1.604742
287  1.969707    -0.031512     8.785384 -1.604742
288  1.839451     0.320890     8.785384  2.209279
289  1.014457     0.210165     4.266250  0.071709
290  1.029157     0.203098     8.831419  0.269668
291  0.977650     0.227934     8.115628  0.269668
292  0.389699     0.568300     8.115628  1.146198
293       NaN          NaN     0.803337  1.775920
294  0.373144     0.580596     6.469898  0.982105
295  0.413162     0.609927     3.988095  0.982105
296  1.733406    -0.037264     3.988095 -1.320120
297  1.408235     0.212531     3.959828  2.239453
298  1.684965    -0.052907     3.840247 -0.827053
299  2.791132     0.026992     0.901537  0.982105
300  2.149504     0.333325     3.988095  1.389346
301  0.572512     0.547420     9.908104  1.832245
302  0.464384     0.521122     7.310858  0.637416
303  0.498641     0.497621     3.116998  0.637416
304  1.938371    -0.051414     3.116998 -1.801571
305  2.073132    -0.041165     6.109630 -1.878615
306  2.405290    -0.035021     6.013330 -2.866807
307  0.805105     0.365238     2.536959  0.637416
308  1.688778    -0.052513     3.116998 -0.878873
309  2.773149     0.151998     8.495628  2.912027
310  2.131730     0.364111     2.287444  1.027445
311  0.479179     0.511557     7.948207  0.637416
312  1.707841    -0.058357     7.948207 -0.659597
313  2.221990    -0.046065     6.723988 -1.955095
314  1.275282     0.092875     9.736642  0.097494
315  0.463859     0.521507     6.943697  0.637416
316  1.822385    -0.053695     6.943697 -1.077017
317  1.702626    -0.061917     2.042978 -0.976497
318  0.643928     0.545538     8.008318  1.697919
319  1.805225     0.161871     2.351481  1.697919
320  0.548547     0.564671     8.008318  1.635580
321  1.074171     0.182244     6.789577  0.183321
322  2.348706    -0.032820     2.324292 -2.862670
323  0.627602     0.549538     7.542797  1.635580
324  1.871642    -0.047128     7.542797 -1.230998
325  0.355813     0.595013     5.851357  0.984785
326  2.654057     0.190752     6.968720  2.268212
327  0.390533     0.567595     8.455429  0.984785
328  0.555657     0.461522     8.455429  0.561617
329  2.853257     0.189008     0.376549  1.939823
330  2.390629     0.228271     8.302949  2.332035
331  0.459031     0.524335     4.848208  0.561617
332  1.661010    -0.047078     4.848208 -0.656427
333  1.616040    -0.026231     9.772560 -0.491039
334  3.873437    -0.001194     0.971601  2.606879
335  3.681704    -0.008933     0.182912  0.561617
336  1.435930     0.026702     4.848208 -0.177494
337  1.664758     0.039240     0.665211 -0.370310
338  0.678034     0.390613     1.549953  0.745413
339  0.618342     0.427908     1.317380  0.561617
340  1.732222    -0.041261     1.317380 -1.523982
341  1.383383     0.458080     4.685195  1.408462
342  1.726138    -0.020884     5.428883 -1.196911
343  0.455610     0.524725     4.008101  0.561617
344  2.519066     0.101868     4.008101  2.810134
345  0.374972     0.579480     7.427955  0.951230
346  3.574142     0.014041     2.336023  2.968653
347  0.384423     0.572239     7.543218  0.951230
348  0.430263     0.578367     7.543218  1.418988
349  0.404783     0.561193     4.392803  0.624443
350  2.219452    -0.031687     7.790764 -2.085923
351  0.679267     0.409014     2.674755  0.624443
352  1.589487     0.199754     4.392803  2.440605
353  0.712089     0.367918     5.354137  0.338016
354       NaN          NaN     0.502802  2.781057
355  0.414365     0.555785     5.285589  0.624443
356  1.899335    -0.044939     5.285589 -1.450237
357  1.378969     0.412879     7.196846  1.854698
358  1.204679     0.123035     9.467127  0.194933
359  0.473889     0.514717     6.579982  0.624443
360  1.621574    -0.035159     6.579982 -0.455478
361  1.465908     0.126107     1.891390  1.298046
362  1.255475     0.100978     7.850921  0.103089
363  0.476564     0.513061     7.355868  0.624443
364  2.316367    -0.024836     7.355868 -2.391212
365  0.401325     0.563077     5.948950  0.753704
366  1.365973     0.063475     0.552147  0.125419
367  0.477020     0.510666     9.560701  0.753704
368  0.558026     0.459217     9.560701  0.605455
369  1.602432    -0.010755     0.818600 -1.482537
370  1.489781     0.008105     7.961983 -0.184175
371  0.439335     0.538937     6.038838  0.605455
372  2.439060    -0.032648     6.038838 -2.909205
373  3.048353     0.151681     4.845074  1.988588
374  1.615877    -0.032861     1.504535 -0.996060
375  0.532333     0.476306     9.717104  0.605455
376  0.346491     0.604300     6.038838  1.063428
377  0.358584     0.594774     6.038838  1.063428
378  0.363682     0.590599     6.038838  1.063428
379  0.364177     0.590614     6.038838  1.063428
380  1.762008     0.011562     0.100000 -3.000000
381  1.853050    -0.008371     0.100000 -3.000000
382  1.830377    -0.002574     0.100000 -3.000000
383  0.360066     0.590920     5.861074  0.941800
384  0.357878     0.592936     5.861074  0.941800
385  0.361870     0.589260     5.861074  0.941800
386  0.356312     0.594790     5.976338  1.020665
387  0.356255     0.595579     5.976338  1.020665
388  0.368506     0.585691     5.976338  1.020665
389  0.364633     0.589621     6.025266  1.054142
390  0.360055     0.594027     6.025266  1.054142
391  0.361362     0.591987     6.025266  1.054142
392  0.359398     0.594301     6.032500  1.059092
393  0.352922     0.598684     6.032500  1.059092
394  0.359523     0.594281     6.032500  1.059092
395  0.353481     0.598923     6.035926  1.061436
396  0.363123     0.592067     6.035926  1.061436
397  0.356344     0.597005     6.035926  1.061436
398  0.355440     0.597249     6.038289  1.063052
399  0.361350     0.593021     6.038289  1.063052
400  0.357743     0.595523     6.038289  1.063052
401  0.357105     0.596034     6.038714  1.063343
402  0.353460     0.598774     6.038714  1.063343
403  0.352975     0.599505     6.038714  1.063343
404  0.361088     0.593407     6.038781  1.063389
405  0.359823     0.594169     6.038781  1.063389
406  0.356966     0.596080     6.038781  1.063389
407  0.364928     0.590086     6.038814  1.063412
408  0.360233     0.594149     6.038814  1.063412
409  0.373526     0.583395     6.038814  1.063412
410  0.361707     0.592624     6.038830  1.063423
411  0.352167     0.599926     6.038830  1.063423
412  0.364963     0.590516     6.038830  1.063423
413  0.363207     0.591120     6.038834  1.063426
414  0.364808     0.590366     6.038834  1.063426
415  0.364952     0.590636     6.038834  1.063426
416  0.358748     0.594759     6.038837  1.063427
417  0.360015     0.593796     6.038837  1.063427
418  0.360299     0.594032     6.038837  1.063427
419  0.362954     0.591675     6.038837  1.063428
420  0.362517     0.592127     6.038837  1.063428
421  0.359502     0.594291     6.038837  1.063428
422  0.363955     0.590589     6.038838  1.063428
423  0.363593     0.591570     6.038838  1.063428
424  0.355331     0.597497     6.038838  1.063428
425  0.362503     0.592144     6.038838  1.063428
426  0.363546     0.591030     6.038838  1.063428
427  0.360655     0.593326     6.038838  1.063428
428  0.362305     0.592482     6.038838  1.063428
429  0.366505     0.588820     6.038838  1.063428
430  0.364229     0.591026     6.038838  1.063428
431  0.362941     0.591317     6.038838  1.063428
432  0.369299     0.587128     6.038838  1.063428
433  0.361332     0.593047     6.038838  1.063428
434  0.358468     0.595314     6.038838  1.063428
435  0.358668     0.595138     6.038838  1.063428
436  0.363572     0.591081     6.038838  1.063428
437  0.364654     0.591280     6.038838  1.063428
438  0.351321     0.600785     6.038838  1.063428
439  0.356399     0.596689     6.038838  1.063428
440  0.354503     0.598142     6.038838  1.063428
441  0.354332     0.597822     6.038838  1.063428
442  0.352755     0.599247     6.038838  1.063428
443  0.362603     0.592050     6.038838  1.063428
444  0.365256     0.590497     6.038838  1.063428
445  0.366676     0.588695     6.038838  1.063428
446  0.360692     0.593489     6.038838  1.063428
447  0.353809     0.598805     6.038838  1.063428
448  0.358695     0.595121     6.038838  1.063428
449  1.599924    -0.032944     5.341225 -0.358901
450  2.117945    -0.035289     8.800505 -1.818282
451  0.410996     0.551731     8.636585  1.063428
452  1.658597    -0.041759     8.636585 -0.555606
453  1.144080     0.149769     4.892829  0.078588
454  0.351067     0.600512     4.457631  0.850849
455  0.799757     0.478143     2.946016  0.850849
456  1.868947    -0.058827     4.457631 -1.326743
457  2.438674    -0.036698     7.776823 -2.734645
458  1.737496    -0.044912     2.941971 -1.243322
459  0.356436     0.594529     4.940913  0.850849
460  1.668031     0.186053     4.940913  2.733463
461  2.216661    -0.010841     2.411314 -2.566782
462  3.821823    -0.010568     1.866854  2.967923
463  3.156753     0.023465     0.624064  0.850849
464  1.868922    -0.011316     4.940913 -1.674721
465  1.504597     0.043107     0.532316  0.303666
466  1.795125    -0.020334     7.522209 -1.322593
467  1.403413     0.122369     1.739274  0.850849
468  2.466997     0.256991     4.940913  1.713459
469  2.035487     0.156162     4.949753  2.949357
470  2.374719     0.009931     7.191479 -2.595635
471  0.585692     0.442993     1.951597  0.850849
472  0.668943     0.393114     4.940913  0.321510
473  1.715442    -0.041231     8.155790 -0.831917
474  2.098886    -0.007909     5.867917 -2.291016
475  0.414311     0.553049     9.853580  0.850849
476  0.489203     0.561445     9.853580  1.728868
477  1.866880     0.305611     9.305825  2.289973
478  0.791262     0.517037     8.731198  1.862424
479  0.377048     0.578992     6.180615  0.850849
480  1.770431    -0.069805     6.180615 -0.892731
481  1.456811     0.020033     4.294652 -0.322745
482  2.120863     0.341209     3.945960  1.367835
483  0.487947     0.557944     3.364167  0.850849
484  1.642154    -0.039415     6.180615 -0.587003
485  3.901121    -0.019660     1.397057  2.271570
486  1.856523     0.174743     4.888572  2.812504
487  0.376639     0.590889     3.894913  0.850849
488  1.785371     0.183261     3.894913  2.556336
489  1.132122     0.154785     1.555965 -0.250683
490  3.867111    -0.001194     1.206093  2.462296
491  0.379902     0.577463     6.680492  0.850849
492  2.201847    -0.028159     6.680492 -2.162503
493  1.732300    -0.066554     9.881715 -0.522675
494  2.973159     0.099644     1.793771  1.825235
495  0.410140     0.555463     7.713838  0.850849
496  2.380526     0.000300     7.713838 -2.817768
497  2.421406    -0.004978     8.312617 -2.761332
498  1.773864     0.090304     1.633874  0.434370
499  0.370431     0.584055     5.994003  0.850849