error: 0.75 | highest correlation: nan
best global temp: 6.8200381916417285 | best alpha: 1.514132745113784 | best average temperature: 1.12
time scale: <class 'ising.Jij_sorted_ising'> | partial correlation: True

        error  correlation  global temp     alpha
0    0.859448     0.258102     8.065590  0.987133
1    1.595594     0.009062     0.708342 -2.770116
2    1.177802     0.123663     6.226562  2.148105
3    2.845501     0.092442     2.781832  2.148105
4    0.961079     0.207830     2.781832  0.907034
5    1.262158     0.074747     3.348806 -0.022278
6         NaN          NaN     0.948103  1.858186
7    1.341563     0.043549     4.255698 -0.022278
8    1.113679     0.136584     4.255698  0.346399
9    1.632757    -0.048731     2.804743 -0.990430
10   1.473573    -0.003171     1.698994 -0.910628
11   1.524630     0.005552     9.981379 -0.910628
12   1.612246     0.003572     9.981379 -0.996713
13   1.833261    -0.007617     8.872849 -1.792728
14   1.789997    -0.039495     9.215611 -1.286249
15   1.419668     0.013426     0.475035 -1.286249
16   1.551453    -0.006522     0.475035 -0.239555
17   2.150228     0.008879     7.666821  2.489272
18   1.421358     0.019412     6.548874 -0.200648
19   1.194009     0.099879     1.207685 -0.200648
20   3.379482     0.059697     1.207685  1.252201
21   0.886986     0.244087     7.755055  0.909727
22   1.782627    -0.017065     5.127919 -1.417409
23   1.580575    -0.013299     1.693370 -1.417409
24   1.127181     0.129260     1.693370  0.527020
25   0.854595     0.261695     8.627612  2.145368
26   1.649281     0.012940     1.528171  1.022570
27   0.766145     0.307428     5.674548  1.022570
28   0.905694     0.234706     5.674548  0.702679
29   1.314666     0.058679     9.918468  0.235355
30   1.523424     0.067222     6.150520  2.269518
31   3.841463    -0.001194     1.347406  2.269518
32   1.382525     0.017677     1.347406  1.375925
33   1.558196     0.014080     9.567010 -1.460974
34   1.376727     0.040403     9.620438 -0.408804
35   1.391353     0.032217     5.259213 -0.408804
36   1.746264    -0.010168     5.259213 -2.276938
37   2.816526    -0.024181     3.535804  2.968075
38   1.233153     0.084146     1.621512 -0.193972
39   1.452448     0.006683     4.822231 -0.193972
40   1.225896     0.089856     4.822231  0.220101
41   1.869586     0.012441     3.015903 -2.631454
42   1.491077    -0.005071     5.039817 -0.535586
43   1.382013     0.032922     3.379706 -0.535586
44   1.564481    -0.018851     3.379706 -0.924329
45   1.952829    -0.018711     7.511363 -1.997667
46   0.993684     0.192204     1.936999  0.527969
47   1.125974     0.132406     7.989830  0.527969
48   0.839182     0.268520     7.989830  1.085524
49   1.548756    -0.000827     3.854945 -1.118754
50   1.912641    -0.004333     3.200486 -2.913428
51   2.071216    -0.012809     3.960581 -2.913428
52   1.396354     0.029525     3.960581 -0.510843
53   0.906906     0.234133     8.664560  0.965996
54   1.401579     0.102050     5.383802  1.967087
55   1.593604     0.043776     3.175475  1.967087
56   1.072147     0.154948     3.175475  0.312060
57   1.716603    -0.026964     6.251757 -1.883539
58   1.489117     0.037266     3.630568  2.258257
59   1.220194     0.122677     7.438884  2.258257
60   1.153350     0.121622     7.438884  0.369502
61   1.874153    -0.002787     8.125458 -2.423673
62   1.579407     0.029447     9.766199 -1.030154
63   1.485279     0.012206     5.778440 -1.030154
64   1.218742     0.108837     5.778440  1.911647
65   1.129487     0.131152     8.104131  0.515606
66   1.867574     0.004367     9.301639 -2.295740
67   1.938330    -0.027002     5.300595 -2.295740
68   1.939830     0.000068     5.300595 -2.574470
69   1.956941    -0.023417     5.305798 -2.285599
70   0.796908     0.290819     8.655727  1.621318
71   1.378063     0.068679     4.178057  1.621318
72   0.807499     0.285111     8.655727  1.188080
73   1.784995     0.013316     5.783410 -2.028601
74   1.516844     0.032513     7.150976 -0.994411
75   0.790016     0.294365     7.455329  1.188080
76   0.990205     0.193641     7.455329  0.718830
77   1.182648     0.105061     1.928711  0.030658
78   1.380431     0.064484     8.925462  2.846743
79        NaN          NaN     1.239235  2.846743
80   0.804927     0.286990     8.925462  2.111991
81   1.895964     0.027060     7.184247 -2.601576
82   1.650141     0.074851     4.361179  1.907910
83   1.825097     0.027392     4.111288  2.111991
84   1.419416     0.025148     8.925462 -0.485393
85   3.841463    -0.001194     1.216360  2.151974
86   1.085935     0.148776     3.006175  0.235646
87   2.300976     0.073858     3.820013  2.111991
88   1.456238     0.042678     8.925462 -1.039100
89   1.569733    -0.001064     0.620720  0.144542
90   1.522928     0.085180     3.348192  1.587889
91   0.841703     0.268034     9.221393  2.111991
92   2.025180    -0.003312     9.221393 -2.219228
93   1.212207     0.092717     1.460596 -0.236053
94   0.833235     0.271598     7.594012  1.109141
95   0.772486     0.303950     4.757349  1.109141
96   2.187196     0.034999     4.757349  2.499421
97   1.446126     0.011771     6.848201 -0.365483
98   1.391949     0.024001     0.999070 -0.870862
99   0.927983     0.223366     3.254921  1.109141
100  1.471557     0.003084     3.254921 -0.804502
101  1.526482     0.075796     3.394817  1.601521
102  1.909095     0.080132     7.088371  2.863448
103  0.800802     0.288650     6.104462  1.109141
104  1.790370     0.020179     6.104462 -1.880735
105  0.874737     0.250395     4.430741  1.365619
106  1.565602    -0.007504     0.341364 -0.508764
107  0.780398     0.299538     6.059191  1.365619
108  1.362874     0.085745     6.059191  2.094333
109  1.691466     0.023324     3.360503 -1.980924
110  1.485395    -0.005284     2.355974 -0.939339
111       NaN          NaN     0.754143  1.365619
112  1.329546     0.052999     6.059191 -0.023990
113  1.384372     0.035788     9.145990 -0.150080
114  2.025592    -0.038864     7.212402 -2.245815
115  0.776684     0.301506     7.996211  1.365619
116  1.950264     0.014863     7.996211 -2.807244
117  1.360635     0.031676     1.056742  0.299667
118  0.954875     0.210905     8.434190  0.744024
119  0.858458     0.258693     4.865083  0.744024
120  1.319540     0.079112     4.865083  2.294486
121  2.865672     0.130602     1.638617  1.325983
122  0.790112     0.294330     5.409979  1.209160
123  0.777384     0.301325     4.501141  1.209160
124  1.541796     0.039684     4.501141 -2.092349
125  0.848194     0.263895     9.264294  1.229817
126  1.645250     0.006666     9.675437 -1.776839
127  0.792921     0.292842     8.851997  1.229817
128  1.561390     0.023561     8.851997 -0.974417
129  0.979506     0.198448     3.339896  1.169024
130  1.507078     0.022577     5.539015 -0.943856
131  0.839094     0.268630     9.834500  1.229817
132  1.811011    -0.007549     9.834500 -1.613338
133  1.894545    -0.000889     9.020659 -1.902581
134  1.367431     0.038818     5.237067 -0.150596
135  1.162620     0.114212     3.137883  1.229817
136  0.847121     0.265670     9.834500  2.337822
137  1.400312     0.061465     3.873488  1.536411
138  1.373753     0.032962     5.128424  0.000352
139  1.467521     0.072325     1.900122  2.337822
140  0.851827     0.263015     9.834500  2.273484
141  3.598821     0.059891     1.328508  2.645228
142  1.776691    -0.007498     5.947414 -1.270647
143       NaN          NaN     0.261675  2.273484
144  1.646355    -0.011915     9.834500 -0.889691
145  0.882507     0.246392     8.008088  0.914321
146  1.103349     0.141605     6.849546  0.561440
147  0.840566     0.267829     5.991320  0.914321
148  1.451681     0.052269     5.991320  2.202769
149  2.367183     0.093310     6.025249  2.782058
150  1.684002     0.027197     5.081113 -1.642262
151  0.882572     0.246370     7.935530  0.914321
152  0.782249     0.298564     7.935530  1.660659
153  1.763115     0.006839     3.038987  2.208340
154  1.776833     0.005912     2.784153 -2.730748
155  1.953354     0.081636     3.394866  1.660659
156  1.095889     0.145748     7.935530  0.539428
157  0.816176     0.280516     6.705146  1.073242
158  1.601520     0.049226     3.727862  2.481146
159  0.773072     0.303680     4.671976  1.073242
160  1.555065     0.007840     4.671976 -1.038921
161  2.034729    -0.029950     9.999263 -2.540886
162  1.561309    -0.032194     4.110928 -0.641745
163  1.612558    -0.018082     1.714741  1.073242
164  0.831710     0.272418     4.671976  1.314768
165  1.675658     0.038886     3.558354 -2.094557
166  1.929251     0.018323     9.309534 -2.645174
167  2.606303     0.029361     1.114401  1.314768
168  1.368594     0.035287     4.671976 -0.055251
169  0.781931     0.298898     4.562020  1.000060
170  2.813819     0.033910     1.417788  1.203217
171  0.819854     0.278664     8.154133  1.000060
172  1.415782     0.023480     8.154133 -0.116819
173  0.949660     0.213604     4.130736  1.399872
174  1.647617     0.039923     7.340414 -1.529154
175  3.444422     0.006654     1.140060  1.000060
176  0.770493     0.304852     8.154133  1.645897
177  1.504662    -0.010155     8.671146 -0.315477
178  1.656203     0.052593     4.637009  2.803107
179  0.789123     0.294920     8.216280  1.645897
180  2.022528     0.000213     8.216280 -2.660719
181  3.841463    -0.001194     1.023360  1.811214
182  0.811976     0.282967     6.491039  1.710371
183  0.774847     0.302558     8.510021  1.645897
184  1.549112     0.130845     8.510021  2.976692
185  0.955463     0.210504     8.642232  0.786769
186       NaN          NaN     0.852870  1.550150
187  3.722153     0.017563     1.240205  1.645897
188  1.872631     0.022172     8.510021 -1.822950
189  1.054801     0.163854     5.951677  0.501505
190  1.858404     0.004645     5.419214 -2.088603
191  1.684354     0.077964     3.512023  1.645897
192  1.495204     0.049015     8.510021 -1.099911
193  0.907893     0.236716     8.928825  2.393478
194  1.686397     0.018380     7.333238 -1.340996
195  3.411894     0.096397     1.568035  1.645897
196  1.937378     0.005330     8.510021 -2.544398
197  1.910432     0.004853     9.812345 -2.231252
198  2.459713     0.109590     3.285200  2.170705
199  0.783117     0.298069     7.661033  1.645897
200  1.227935     0.121749     7.661033  2.450207
201  1.433929     0.013513     4.744189 -0.350390
202       NaN          NaN     1.298376  1.867154
203  1.032615     0.176923     4.987199  1.645897
204  1.865987     0.008542     7.661033 -2.034487
205  1.596067     0.015671     6.447874 -1.315760
206  2.576848     0.008221     5.646781  2.609264
207  0.823765     0.276734     6.111786  1.645897
208  1.735325    -0.001633     7.661033 -1.445691
209  0.777498     0.301201     9.746542  1.889182
210  1.579505     0.037634     7.865173 -1.626904
211  0.792248     0.293378     8.644951  1.889182
212  1.527398     0.031455     8.644951 -1.148668
213  1.621296    -0.004884     2.651962 -1.579714
214  0.901291     0.236977     9.045415  0.957578
215       NaN          NaN     0.872010  1.889182
216  1.863399     0.002293     8.644951 -2.120738
217  1.741915     0.018991     7.989161 -1.309254
218  1.422795     0.057794     3.740619  1.977661
219  1.398012     0.011110     1.403914  1.889182
220  0.813756     0.281805     8.644951  1.157306
221  0.807851     0.284957     6.942799  1.049218
222  0.830568     0.273120     6.525964  0.859395
223  0.838343     0.269029     5.374805  0.859395
224  1.450942     0.012849     5.374805 -0.634266
225  1.117081     0.136185     8.694289  0.573042
226  1.700639    -0.025975     7.549204 -1.444575
227  1.564466    -0.001161     1.261882  0.859395
228  1.894892     0.003514     5.374805 -2.998107
229  0.951362     0.216285     9.177614  2.347756
230  0.790710     0.294233     9.279989  1.941718
231  1.656675     0.057392     4.192194  1.941718
232  1.172071     0.140264     9.279989  2.711840
233  1.942362    -0.002995     8.243963 -2.453269
234  1.443269     0.008945     2.935607 -0.557776
235  2.710234     0.018781     3.007844  1.941718
236  1.512576     0.078195     9.279989  2.495234
237  1.345072     0.053250     0.503737 -1.666930
238  1.720222    -0.000291     3.508988 -1.771180
239  1.420359     0.001698     1.713625  1.941718
240  0.831577     0.273290     9.279989  2.167109
241  0.774260     0.302796     6.601877  1.368287
242  1.345313     0.054120     6.617386 -0.590609
243  2.080675     0.023488     2.322809  1.368287
244  1.292778     0.063675     6.601877  0.200934
245  1.822259     0.078945     3.194833  2.030894
246  1.581539     0.023128     5.340643 -1.600912
247  0.815007     0.281166     5.002496  1.368287
248  0.860001     0.258774     6.601877  1.844907
249       NaN          NaN     0.452884  1.499630
250  1.353298     0.045375     7.262581  0.003531
251  0.994482     0.191793     4.153490  1.368287
252  1.459710     0.102848     6.601877  2.241489
253  1.639737     0.027101     8.346371 -1.491481
254  1.710742     0.004443     4.778989 -1.817333
255  1.508741     0.055954     2.987080  1.368287
256  0.990708     0.193631     6.601877  0.602807
257  1.581829     0.013785     5.900744 -1.336673
258  1.626279    -0.020818     4.571357 -1.422619
259  0.803657     0.287100     7.140996  1.368287
260  1.517136     0.013484     7.140996 -0.802543
261  1.675947     0.058677     5.764777  2.605862
262  1.474243     0.004947     3.978882 -0.864945
263       NaN          NaN     0.269302  1.368287
264  1.279283     0.070943     7.140996  0.191583
265  1.245368     0.114326     7.015256  2.211197
266  0.866863     0.255612     9.497656  2.227901
267       NaN          NaN     0.125808  1.368287
268  1.892854    -0.002667     7.140996 -2.234978
269  2.118070     0.019771     8.334473 -2.901977
270  1.601221     0.003527     8.613627 -1.082523
271  1.427608     0.055186     2.784421  1.368287
272  0.950660     0.212540     7.140996  0.800667
273  1.562624     0.004441     9.132611 -0.833902
274  2.188864     0.032839     3.649476  2.979804
275  1.061059     0.160929     3.898594  1.368287
276  1.426761     0.017017     7.140996 -0.120595
277  1.449097     0.010445     9.692363 -0.141137
278  1.775481     0.055513     9.822691  2.954195
279  0.763983     0.308343     5.970952  1.368287
280  1.170133     0.113844     5.970952  0.311223
281  0.851972     0.263198     8.749414  2.181925
282  1.557536    -0.002554     2.751470 -1.710724
283  1.159019     0.121054     3.459413  1.368287
284  1.995118     0.002471     5.970952 -2.498793
285       NaN          NaN     1.003821  1.966968
286  0.992465     0.192646     8.225622  0.747345
287  0.793986     0.292241     5.716641  1.368287
288  1.552228    -0.000110     5.970952 -1.105383
289       NaN          NaN     0.667727  2.797454
290  1.357478     0.043994     6.243631 -0.453239
291  0.963733     0.207084     3.926464  1.368287
292  0.776898     0.301376     5.970952  1.388169
293       NaN          NaN     0.985207  1.226112
294  1.043481     0.168277     4.537048  0.462813
295  0.823063     0.276933     4.994488  1.388169
296  1.395194     0.030563     5.970952 -0.255887
297  2.008446    -0.022249     8.649845 -2.020224
298       NaN          NaN     0.718228  2.537472
299  0.875708     0.249859     4.652428  1.388169
300  1.930533    -0.001681     5.970952 -2.398677
301  2.333783     0.009064     0.187708  0.019651
302  1.613377     0.007026     5.302117 -1.526802
303  0.792600     0.292979     7.348281  1.388169
304  0.816913     0.280197     7.348281  0.999562
305  1.484242     0.005655     8.497101 -0.603712
306  0.837626     0.269569     4.065505  0.714644
307  1.561007     0.036394     2.970615  1.388169
308  1.531511    -0.009094     7.348281 -0.770121
309  1.598611    -0.019544     3.056405 -1.042836
310  1.601933     0.007688     9.046472 -1.125779
311  0.805522     0.286160     7.962804  1.388169
312  1.751033    -0.016400     7.962804 -1.593966
313  0.774612     0.302599     6.773898  1.555467
314  1.486168     0.098879     7.807060  2.511827
315  2.681289     0.108522     2.012856  1.555467
316  1.313781     0.057677     6.773898  0.115012
317  1.525379     0.000886     7.716543 -0.896892
318  1.898748    -0.003659     9.730940 -2.212392
319       NaN          NaN     0.422618  1.555467
320  1.553371    -0.006516     6.773898 -0.902005
321       NaN          NaN     0.704980  2.319218
322  1.684486    -0.002928     5.477406 -2.268184
323  0.823151     0.277080     9.833501  1.555467
324  1.503053    -0.008058     6.773898 -0.637680
325       NaN          NaN     0.340538  2.509873
326  1.573815     0.035657     0.146816 -0.511777
327  2.029079     0.088588     2.530313  1.555467
328  1.837361     0.035589     6.773898 -2.852473
329  1.540211     0.033332     3.805940  1.642006
330  2.354289     0.093809     5.060060  2.272541
331  0.775136     0.302327     7.270762  1.555467
332  1.591602    -0.010962     7.270762 -1.085348
333  1.846288    -0.001279     8.442981 -2.759699
334  0.983382     0.196628     5.138812  0.580244
335  1.818055     0.041191     3.151352  1.555467
336  1.040442     0.170672     7.270762  0.585865
337       NaN          NaN     0.671877  2.652437
338  1.805737     0.012511     5.916383 -2.082325
339  0.890541     0.242795     5.384106  1.555467
340  1.586876     0.031728     7.270762  2.515465
341  0.824524     0.276307     3.777995  1.028768
342  1.276760     0.099914     6.690855  2.250222
343  0.805979     0.285931     5.995852  1.555467
344  1.885807     0.016589     7.270762 -2.264488
345  1.677222     0.145318     5.174026  2.598893
346  1.554514    -0.004041     0.118845 -1.066095
347  2.211064     0.000163     1.926039  1.555467
348  0.803329     0.287484     7.270762  1.805733
349  1.785171     0.016021     8.113025 -2.137007
350  1.560691    -0.028820     2.819508 -1.035064
351  1.042707     0.172090     4.882960  1.555467
352  1.495805     0.011694     7.270762 -0.937565
353  1.379364     0.041822     9.379844 -0.416652
354  1.061423     0.159479     1.630857  0.107577
355  0.869624     0.253178     5.512177  1.555467
356  1.799252     0.029084     7.270762 -1.913258
357  1.433860     0.019378     8.236758 -0.378151
358  1.119427     0.134538     4.191679  0.287473
359  2.497048     0.087696     2.047436  1.555467
360  1.641568     0.080261     7.270762  2.847216
361  1.483810    -0.000317     9.487653 -0.447445
362  0.971308     0.202475     4.449738  0.524191
363  0.797931     0.290292     9.223922  1.555467
364  1.536000     0.005693     7.270762 -1.357320
365  0.916119     0.230184     4.941456  1.497322
366  0.915834     0.233033     6.674731  1.941321
367  0.815480     0.281083     9.747117  1.555467
368  1.276134     0.125335     7.270762  2.256111
369  0.826497     0.276111     8.095357  2.100183
370  1.757083     0.023035     3.440240 -2.490146
371  2.211691     0.047221     2.562333  1.555467
372  1.954206     0.001143     7.270762 -2.649372
373  1.821204     0.029083     7.889232 -1.796127
374       NaN          NaN     0.197336  2.756643
375  0.763463     0.308609     6.576538  1.555467
376  1.339941     0.120230     6.576538  2.294497
377  1.180933     0.136040     8.612881  2.466182
378  1.993520     0.009274     2.698061 -2.667993
379  0.810069     0.283893     9.154273  1.555467
380  1.300473     0.094847     6.576538  2.061035
381  1.083312     0.149191     2.708351  1.072488
382  1.588439     0.014821     5.953702 -1.788394
383  1.001385     0.190900     4.754203  1.555467
384  1.560682     0.052787     6.576538  2.445366
385  1.569294     0.033304     9.404779 -1.171331
386  1.888392     0.018494     7.751952 -1.820366
387  2.783312     0.052708     1.555496  1.555467
388  1.378806     0.036074     6.576538 -0.084133
389  0.860679     0.258964     9.381948  2.281113
390  1.501052     0.032724     8.115410 -0.990104
391  1.550507     0.064582     3.045459  1.555467
392  1.674054     0.039600     6.576538 -2.121497
393  1.192455     0.104562     8.295507  0.419134
394  0.850748     0.262568     8.858856  1.092882
395  0.786855     0.296038     6.195723  1.555467
396  1.859339     0.014864     6.576538 -2.488347
397  1.647123     0.022949     7.003977 -1.785734
398  1.351113     0.068180     4.446281  1.702915
399  0.776846     0.301417     7.088978  1.555467
400  0.801652     0.288257     6.576538  1.628756
401  1.399554     0.015167     0.705600 -0.645758
402  0.842764     0.267661     9.545676  2.258016
403  0.784971     0.297052     6.149048  1.555467
404  0.771989     0.304031     6.576538  1.514133
405       NaN          NaN     0.284953  2.846948
406  1.527894    -0.012811     3.497945 -0.961429
407  0.747297     0.317414     6.820038  1.514133
408  0.797238     0.290502     6.820038  1.331801
409  1.580739    -0.015525     2.318167 -1.092238
410  0.876549     0.249425     9.493290  1.022525
411  0.975162     0.202451     4.594152  1.514133
412  0.770699     0.304719     6.820038  1.434933
413  1.575327     0.134812     6.421628  2.431772
414  0.783925     0.297797     9.078062  1.965546
415  0.879235     0.248298     5.355889  1.514133
416  1.786142     0.090671     6.820038  2.983252
417  1.016251     0.181452     6.956800  0.659671
418  1.527525    -0.005901     6.956209 -0.973040
419  0.851012     0.262640     5.311176  1.514133
420  1.552593     0.028581     6.820038 -1.730174
421  2.153984     0.011126     5.519846  2.898686
422       NaN          NaN     0.640758  1.233251
423  1.937504     0.089304     2.900337  1.514133
424  1.447157     0.011366     6.820038 -0.268745
425  1.367654     0.072602     9.847511  2.839492
426  1.314421     0.077091     4.325047  1.562023
427  1.814034     0.080954     3.023463  1.514133
428  1.787448    -0.013381     6.820038 -1.878248
429       NaN          NaN     0.652768  2.643655
430  1.349212     0.040350     1.823359 -0.430064
431  0.782114     0.298668     8.826661  1.514133
432  1.600296     0.051114     6.820038 -1.654793
433  1.413635     0.023875     8.667269 -0.144776
434  1.385543     0.030080     0.770778 -1.273619
435  0.769737     0.305232     7.237952  1.514133
436  1.345323     0.046059     6.820038  0.069222
437  0.780933     0.299218     7.449520  1.364505
438  0.804527     0.286695     9.300682  1.307243
439  0.810103     0.283838     9.053226  1.514133
440  1.092263     0.146678     6.820038  0.533188
441  1.473355     0.003286     0.265136 -2.005799
442  0.808109     0.284777     8.070368  1.194551
443  0.809657     0.284082     8.862634  1.514133
444  1.071874     0.164775     6.820038  2.095977
445  1.443272    -0.000339     3.808324  2.866181
446  1.597238     0.017614     3.810497 -1.759543
447       NaN          NaN     0.776836  1.514133
448  1.522980     0.009110     6.820038 -0.981906
449  1.154334     0.120561     7.816075  0.473254
450  1.415725     0.003643     1.406967  2.301059
451       NaN          NaN     1.015205  1.514133
452  0.780930     0.299230     6.820038  1.158531
453  0.816900     0.280198     6.335091  0.964094
454  1.600411     0.014295     6.086758 -1.154615
455  3.583782     0.063744     1.188141  1.514133
456  1.529203     0.008423     6.820038 -1.316582
457  1.628864     0.014438     4.010890 -1.982221
458  1.268182     0.071685     5.386282  0.238170
459  0.803107     0.287543     9.028447  1.514133
460  0.882067     0.246585     6.820038  0.848469
461  0.780135     0.299685     7.456087  1.699562
462  1.129973     0.130436     5.766593  0.376650
463  0.902926     0.236963     4.786096  1.514133
464  0.887534     0.243814     6.820038  0.822949
465  2.713317     0.097235     2.656086  1.901915
466  2.157296    -0.014113     0.770672  0.678851
467  0.934761     0.220898     4.992741  1.514133
468  1.647775     0.010241     6.820038 -1.582491
469  0.820702     0.278525     3.640424  0.762220
470  2.332626     0.018954     3.250886  2.613067
471  0.775415     0.302185     7.336081  1.514133
472  1.750502     0.001523     6.820038 -1.624214
473  1.726194     0.004548     5.958630 -2.187564
474  1.486866    -0.004179     0.394043 -1.000091
475       NaN          NaN     0.381159  1.514133
476  0.987674     0.194687     6.820038  0.726035
477  1.737477     0.121045     7.070875  2.956353
478  1.946796     0.014647     1.617025 -2.621075
479  2.712747     0.099008     2.065757  1.514133
480  1.999039    -0.007232     6.820038 -2.361840
481  0.833076     0.271687     7.980827  1.140054
482  1.425738     0.018964     7.773745 -0.163972
483  1.363436     0.025823     1.156630  1.514133
484  0.794295     0.292052     6.820038  1.343528
485  1.208668     0.093597     1.066900 -0.233438
486  1.355714     0.045090     7.872666 -0.106667
487  0.799865     0.289247     8.934685  1.514133
488  1.306464     0.058532     6.820038  0.201291
489  2.045431    -0.020788     4.841841 -2.704005
490  1.416883     0.082125     6.473558  2.632453
491  0.807540     0.285190     9.264683  1.514133
492  1.317700     0.056236     6.820038  0.094575
493  1.302572     0.058224     2.538215  1.174405
494  1.573574     0.000367     4.576779 -1.218454
495  0.859378     0.258373     5.162534  1.514133
496  1.440555     0.014672     6.820038 -0.419787
497       NaN          NaN     1.254631  2.427895
498  1.900933     0.023779     2.710650 -2.877544
499  0.804888     0.286591     8.958051  1.514133