error: 0.72 | highest correlation: nan
best global temp: 8.070167219499089 | best alpha: 1.6195581629872322 | best average temperature: 1.23
time scale: <class 'ising.random_ising'> | partial correlation: True

        error  correlation  global temp     alpha
0    1.419600     0.040507     5.924356  1.976000
1    1.244262     0.077105     6.074044  0.222630
2    1.256138     0.072220     3.540477 -1.034708
3    1.366221     0.025124     5.521687 -1.034708
4    1.250276     0.074470     5.521687  0.098091
5    1.306966     0.050016     8.423407  0.121024
6    1.655306    -0.027240     0.677894  0.175511
7    1.223609     0.086288     1.228379  0.175511
8         NaN          NaN     1.228379  2.240499
9         NaN          NaN     0.333348  2.013919
10   1.341191     0.035818     7.629793 -1.223075
11   1.359811     0.027776     9.308270 -1.223075
12   1.407935     0.007968     9.308270 -1.904207
13   1.007014     0.185587     2.525652  0.663026
14        NaN          NaN     0.474179  1.836807
15   1.083184     0.149567     7.806165  0.663026
16   1.395673     0.013081     7.806165 -2.494799
17   1.279680     0.061958     7.308664 -0.225357
18   0.758686     0.312363     5.735043  1.352399
19   1.633115     0.033169     2.664272  1.352399
20   1.196830     0.098116     2.664272 -0.523964
21   1.905105    -0.006051     2.242027  1.713511
22   1.270485     0.065936     2.179481 -1.460453
23   1.338593     0.036824     9.111612 -1.460453
24   1.208875     0.092513     9.111612  0.615525
25   1.231437     0.082744     3.469968 -0.569019
26   1.308373     0.049679     2.941356 -1.846449
27   1.354769     0.030065     9.635178 -1.846449
28   1.346734     0.033398     9.635178 -0.366646
29   1.637060     0.046370     7.334616  2.235717
30   1.255351     0.072574     1.916348 -1.952191
31   1.251682     0.074149     1.600898 -1.952191
32   1.286827     0.059026     1.600898 -2.329965
33   1.846679     0.114581     3.983965  2.327368
34   1.362667     0.026724     8.334201 -1.311911
35   1.383574     0.018148     5.227099 -1.311911
36   0.796796     0.291877     5.227099  1.143372
37   1.174039     0.108051     7.751349  0.563192
38   1.388458     0.015938     9.501273 -0.935791
39   1.323076     0.043477     7.736827 -0.935791
40   1.426642     0.000193     7.736827 -0.511936
41   1.188636     0.101706     2.903638 -0.369492
42   0.991387     0.192651     2.855513  0.477389
43   1.019257     0.179226     2.979789  0.477389
44   1.182050     0.104085     2.979789  1.140891
45   1.290884     0.057238     4.577547 -1.226700
46   2.277390    -0.021888     0.360053  0.255806
47   1.102911     0.140316     3.498772  0.255806
48   1.492847     0.026931     3.498772  1.459281
49   1.572628    -0.015826     0.668710  0.190319
50   1.335314     0.038287     4.584259 -1.749218
51   1.320781     0.044500     7.605062 -1.749218
52   0.817359     0.281132     7.605062  1.242676
53   1.200812     0.096303     3.873552 -0.266554
54   1.337706     0.041162     0.543608 -0.829299
55   1.187773     0.102116     1.849528 -0.829299
56   1.431970    -0.003164     1.849528  2.848683
57   1.184901     0.103732     0.808508 -1.646940
58   1.320647     0.044492     7.735822 -1.181476
59   1.309686     0.049255     9.396636 -1.181476
60   1.266379     0.067541     9.396636  0.303436
61   1.356562     0.029347     5.015452 -2.940843
62   1.141403     0.122967     7.940904  0.559998
63   1.081681     0.150431     7.005212  0.559998
64   1.356693     0.029323     7.005212 -2.205575
65   1.253265     0.073551     1.378540 -2.659850
66   0.933488     0.221463     6.547876  0.926051
67   0.942934     0.216908     7.257506  0.926051
68   1.410194     0.007160     7.257506 -2.133771
69   1.520254     0.008487     9.136340  2.936005
70   1.301354     0.052671     3.000469 -1.235481
71   1.365137     0.025776     5.088980 -1.235481
72   1.424048     0.001243     5.088980 -2.958289
73   1.083859     0.149239     6.313081  0.547500
74   1.229058     0.083897     2.033915 -1.021496
75   1.252837     0.073522     3.044443 -1.021496
76   1.305698     0.050813     3.044443 -1.950643
77   1.434424    -0.003874     1.827696  0.922048
78   3.624197     0.042087     1.684981  2.618189
79   0.962340     0.207293     7.537963  0.922048
80   0.744962     0.319933     7.537963  1.603106
81   0.962876     0.206393     5.081086  1.444613
82   1.044459     0.167540     4.405447  0.503333
83   1.460224     0.011177     0.966995  0.503333
84        NaN          NaN     0.966995  1.073104
85   1.190050     0.101602     0.310408 -2.586522
86   1.058886     0.160859     8.033417  0.808488
87   0.885362     0.245537     4.203953  0.808488
88   1.119053     0.134039     4.203953  1.385001
89   1.114126     0.135387     3.075933 -0.131239
90   1.345326     0.033997     7.099058 -1.995025
91   1.305942     0.050655     9.884557 -0.131239
92   1.362728     0.026747     9.884557 -1.208926
93        NaN          NaN     1.266267  2.969744
94        NaN          NaN     0.770353  2.830477
95   1.365704     0.025540     6.711474 -1.208926
96   0.841873     0.268205     6.711474  1.124695
97   1.222664     0.086691     3.884257 -0.283914
98   1.172133     0.109010     7.228614  0.444306
99   1.021270     0.178738     4.295206  0.444306
100  2.152637    -0.053095     4.295206  2.885893
101  0.943790     0.216010     9.462223  2.191672
102  1.337660     0.037474     6.562979 -2.876795
103  1.193533     0.127747     7.475231  2.191672
104  1.381674     0.018747     9.462223 -2.143621
105  1.283879     0.060016     8.396880 -0.129056
106  1.200492     0.096767     0.614409 -0.693317
107  1.329263     0.040910     5.448646 -0.693317
108  1.392726     0.014362     5.448646 -2.609777
109  2.880735    -0.036918     1.340525  2.994589
110  1.272046     0.065349     5.270087 -0.702004
111  1.335886     0.037903     5.043247 -0.702004
112  1.367551     0.024797     5.043247 -1.543075
113  1.597525     0.006349     6.104020  2.147489
114  1.197189     0.097699     7.250566  0.373801
115  1.140133     0.123438     6.271122  0.373801
116  1.236614     0.080681     6.271122 -0.030395
117  1.273305     0.064781     1.277461 -1.782657
118  1.810071     0.066585     9.512298  2.979591
119  1.431127    -0.001597     9.206106 -1.782657
120  1.003826     0.187211     9.206106  0.901048
121  1.464094     0.021837     2.729184  1.268968
122  0.774732     0.304261     8.523726  1.341534
123  0.754751     0.315307     8.350087  1.341534
124  1.385605     0.053326     8.350087  2.537349
125  1.183037     0.113663     5.003849  1.573530
126  2.881406     0.037345     3.222291  2.925342
127  0.829720     0.274822     9.987387  1.341534
128  0.765434     0.309458     9.987387  1.446998
129  1.299185     0.053584     5.168151 -1.364264
130  1.311789     0.048119     5.229446 -0.543530
131  0.775562     0.303766     9.884529  1.446998
132  1.409917     0.007243     9.884529 -1.485583
133       NaN          NaN     0.570938  2.566989
134  1.187619     0.103049     0.574913 -0.827152
135  1.358227     0.038356     3.795180  1.446998
136  0.769051     0.307508     9.884529  1.393987
137  1.525954     0.002417     0.413696 -0.525269
138       NaN          NaN     0.750035  2.941863
139  0.768560     0.307461     8.576564  1.393987
140  1.826291     0.135979     8.576564  2.994950
141       NaN          NaN     0.344249  1.561939
142  2.871999     0.021344     8.801613  2.619079
143  1.176482     0.110110     3.970480  1.393987
144  1.357091     0.029234     8.576564 -2.141457
145  1.369692     0.023850     6.479243 -2.921569
146  2.217898     0.027653     4.359903  2.277326
147  3.130090     0.058481     1.743300  1.393987
148  1.392432     0.014505     8.576564 -2.412044
149  1.110324     0.137067     7.125805  0.595173
150  0.753456     0.315203     7.797929  1.619558
151  0.878169     0.248523     6.279164  1.619558
152  1.380379     0.106432     7.797929  2.485271
153  1.349804     0.032262     7.761472 -0.679509
154  1.351331     0.114207     7.381776  2.258245
155  0.750321     0.316989     8.078721  1.619558
156  1.257776     0.071453     8.078721 -0.196036
157  1.216766     0.089576     1.165251 -2.646283
158  1.292978     0.056308     2.226921 -2.733619
159  0.722149     0.332806     8.070167  1.619558
160  0.870629     0.253684     8.070167  1.044659
161  1.235517     0.080879     5.039366 -0.081172
162  1.249982     0.074880     6.812434 -0.364451
163  3.033248     0.117831     2.009132  1.619558
164  1.292026     0.056839     8.070167 -0.662669
165  1.295818     0.055120     6.255329 -0.662248
166  1.343786     0.034678     7.314508 -0.301173
167  2.348289     0.103106     2.413853  1.619558
168  1.303287     0.051894     8.070167 -1.503543
169  1.363493     0.026387     4.342224 -2.095143
170  0.918732     0.228916     8.675480  1.118741
171  0.895229     0.239822     6.144764  1.619558
172  1.385064     0.017491     8.070167 -1.290810
173  1.127757     0.129031     1.722108 -0.334095
174  1.049485     0.164889     2.293542  0.337032
175  0.790198     0.295085     7.766396  1.619558
176  1.356875     0.029037     7.766396 -0.598110
177  1.362022     0.027057     3.866992 -2.455328
178  1.965108    -0.038907     0.800728  0.573883
179  1.983024     0.047400     2.900543  1.619558
180  2.073793     0.097607     7.766396  2.677529
181  3.637786    -0.027002     1.529933  2.702148
182       NaN          NaN     1.032716  2.341160
183  1.403329     0.084422     4.448436  1.619558
184  1.340021     0.036204     7.766396 -0.175369
185  1.135023     0.125668     2.034757  0.609958
186  1.069271     0.158028     5.790060  1.674482
187  0.725367     0.331390     9.976352  1.619558
188  0.897984     0.238705     9.976352  2.258012
189  1.189529     0.101770     0.321663 -2.571640
190  1.258786     0.070950     3.434978 -0.790369
191  1.474943    -0.020987     1.482911  1.619558
192  1.316344     0.046285     9.976352 -0.255684
193  1.029054     0.175254     1.795845  0.326218
194  1.400530     0.048625     3.910687  1.413010
195  1.459225     0.039811     4.279275  1.619558
196  1.311731     0.048251     9.976352 -0.144066
197  1.464586     0.160248     6.269429  2.131149
198  1.234136     0.081884     7.043684 -0.436438
199  0.841563     0.267395     6.656352  1.619558
200  0.991869     0.193105     9.976352  0.934558
201  1.386893     0.016579     8.152624 -1.840439
202  1.507684    -0.000905     0.251293 -0.710786
203  1.791270     0.037391     3.861157  1.619558
204  1.398581     0.011931     9.976352 -2.501557
205  1.292202     0.056831     7.011531 -2.750252
206  1.481930    -0.022189     9.788979 -1.551508
207  0.765575     0.308271     7.470187  1.619558
208  1.182908     0.112070     7.470187  2.117006
209  1.276372     0.063376     2.487534 -1.368683
210  0.723209     0.331804     9.207581  1.858712
211  1.433513     0.095203     5.097401  1.858712
212  1.400700     0.011095     9.207581 -2.837995
213  1.436040     0.058823     6.223155  2.206279
214  1.640406     0.019259     3.834842  2.073677
215  0.875794     0.249647     7.765096  1.858712
216  1.394445     0.013803     9.207581 -2.125350
217  1.234834     0.081171     6.777094  0.231438
218  3.508900     0.037364     1.399702  1.137474
219  0.817754     0.279875     8.205350  1.858712
220  1.395187     0.013233     9.207581 -1.861320
221  1.392933     0.014318     6.178459 -2.417679
222  1.189782     0.101210     8.129486  0.383467
223  1.468842     0.058805     2.119213  1.858712
224  1.367287     0.024748     9.207581 -0.866807
225  1.138880     0.124242     1.602124 -0.828607
226  1.037723     0.171323     9.569734  0.730003
227  2.556761     0.104538     3.308490  1.858712
228  1.461433    -0.013726     9.207581 -2.870510
229  1.472525     0.004834     0.270680 -0.707612
230  1.365695     0.025753     8.141066 -2.309274
231  1.860886    -0.019479     2.251706  1.858712
232  1.385583     0.017388     9.207581 -1.070313
233  1.378562     0.020312     7.926941 -2.711996
234  1.353248     0.030694     5.890107 -2.524081
235  1.140097     0.128199     5.707125  1.858712
236  1.306084     0.050657     9.207581 -0.162190
237  1.340571     0.036000     4.429481 -1.679585
238  0.839926     0.269486     8.113131  1.156860
239  1.888819     0.018077     3.826363  1.858712
240  1.380564     0.019548     9.207581 -1.926925
241  0.788332     0.296918     5.631690  1.046234
242  1.030702     0.174232     5.196028  0.529807
243  1.353673     0.067586     4.999418  1.858712
244  0.761722     0.310320     9.207581  1.857937
245       NaN          NaN     0.351755  1.619115
246  1.365133     0.025637     8.803492 -0.049067
247  2.003906     0.096767     3.934456  1.858712
248  1.149531     0.119257     9.207581  0.516529
249  1.115366     0.134632     5.615703  0.466189
250  1.898591    -0.022260     3.324972  2.741974
251  0.727067     0.329717     9.523271  1.858712
252  1.371337     0.023182     9.523271 -2.748488
253  1.135954     0.125151     6.308751  0.503785
254  1.838236     0.030416     3.912218  1.761349
255  2.411438     0.021655     3.090115  1.858712
256  1.371614     0.023144     9.523271 -1.995315
257  1.267630     0.067387     0.966816 -2.538500
258  1.080325     0.153328     6.805137  1.886066
259  1.542977     0.023644     3.975051  1.858712
260  1.213213     0.090878     9.523271  0.321700
261  1.747781    -0.011046     0.134565 -0.858182
262  1.341754     0.035619     4.462651 -2.406968
263  0.807152     0.285526     8.179419  1.858712
264  0.927634     0.224592     9.523271  1.109343
265  0.895340     0.239911     8.342381  2.025416
266  1.479590    -0.021125     9.145998 -2.405827
267  0.973647     0.201812     6.830732  1.858712
268  1.615386     0.055582     9.523271  2.589548
269  1.396138     0.012948     8.947570 -1.176130
270  1.414667     0.005070     7.906489 -1.259735
271  2.853440     0.088179     2.245070  1.858712
272  1.368918     0.024158     9.523271 -1.265915
273  1.298215     0.053922     3.696739 -1.053271
274  0.980992     0.198051     3.863279  0.497338
275  1.252021     0.085367     6.154910  1.858712
276  1.425753     0.000764     9.523271 -1.542264
277  1.264181     0.068768     5.052105 -1.046128
278  1.370471     0.137197     6.546697  2.241049
279  0.732406     0.326685     9.379106  1.858712
280  1.352864     0.031002     9.379106 -0.627278
281  1.256878     0.071816     1.397398 -1.795931
282       NaN          NaN     0.319239  1.610950
283  1.055404     0.163189     6.899582  1.858712
284  1.363988     0.026225     9.379106 -0.776421
285  1.455847    -0.011465     8.921231 -2.412144
286  1.458327     0.038974     2.666917  1.251394
287  2.236989     0.057646     3.882745  1.858712
288  1.092235     0.145308     9.379106  0.839047
289  1.366737     0.025056     5.834512 -1.742210
290  0.995649     0.192061     7.759661  2.120451
291  1.315724     0.068328     5.491612  1.858712
292  1.429667    -0.001009     9.379106 -1.972255
293  1.236105     0.080903     1.476853 -1.612490
294  1.365829     0.025327     6.664090 -0.736150
295  2.179255     0.035517     3.365428  1.858712
296  1.189295     0.101259     9.379106  0.552707
297  3.624199     0.042086     1.995118  2.876037
298  1.266280     0.067736     2.820738 -0.985708
299  1.816191     0.025781     6.612208  1.858712
300  1.349243     0.032542     9.379106 -0.664239
301  2.205450    -0.026527     0.129716  0.291368
302  1.874814     0.077246     3.265171  1.548684
303  0.736021     0.324808     9.877291  1.858712
304  0.773625     0.305018     9.877291  1.367039
305  1.380465     0.019390     5.245367 -2.292730
306  1.279019     0.062175     4.802225 -0.778751
307  0.885080     0.244972     7.941997  1.858712
308  0.798439     0.291553     9.877291  1.354567
309  1.156080     0.116184     5.289722  0.303182
310  1.308351     0.081981     9.740117  2.732088
311  1.054919     0.164231     6.967589  1.858712
312  1.313843     0.047358     9.877291 -0.170319
313  1.431352    -0.001573     5.803299 -2.802939
314  0.759938     0.311898     5.886716  1.291235
315  1.078882     0.153389     6.670753  1.858712
316  1.168442     0.110599     9.877291  0.651726
317  1.202642     0.095879     0.740944 -2.205620
318       NaN          NaN     0.138251  2.403778
319  2.087272     0.041455     3.534025  1.858712
320  1.417400     0.004248     9.877291 -2.520040
321  1.308932     0.049307     5.047230 -0.586425
322  0.942711     0.216386     7.338555  1.860329
323  0.852138     0.261819     7.895906  1.858712
324  1.286628     0.093058     9.877291  2.735641
325  1.218016     0.115156     9.172006  2.351342
326       NaN          NaN     0.433645  2.379018
327  0.932468     0.221523     7.042942  1.858712
328  1.372092     0.022823     9.877291 -2.550601
329  1.058435     0.160967     1.585779 -0.003453
330  2.134536     0.066418     5.470033  2.474418
331  1.031266     0.174576     6.924932  1.858712
332  1.378439     0.020321     9.877291 -1.128463
333  1.644100     0.058189     9.878451  2.854335
334  2.152863     0.103201     3.492238  2.087523
335  1.831838     0.089922     4.632419  1.858712
336  1.344495     0.034483     9.877291 -2.393504
337  1.167638     0.110931     6.241847  0.405462
338  1.348532     0.032945     4.441446 -1.539963
339  2.719102     0.010236     1.432425  1.858712
340  1.000093     0.190784     9.877291  2.390905
341       NaN          NaN     0.511795  2.512613
342  1.316683     0.046115     4.329380 -1.335255
343  1.785978     0.067067     3.569891  1.858712
344  1.083059     0.149647     9.877291  0.782771
345  1.223393     0.086425     3.497940 -0.405505
346  1.277918     0.062980     1.373191 -2.795265
347  1.564845     0.097509     4.662762  1.858712
348  1.354895     0.030063     9.877291 -1.317748
349  1.063491     0.162280     9.580326  2.316105
350  1.743064     0.160329     7.803820  2.904331
351       NaN          NaN     0.838429  1.858712
352  1.230983     0.082815     9.877291  0.519820
353  1.397358     0.012280     7.505165 -1.063951
354  1.672420     0.115197     4.445673  2.147625
355  0.727113     0.329756     9.914997  1.858712
356  1.356985     0.029194     9.914997 -1.126658
357  1.321933     0.044053     1.972828 -2.581971
358  1.391484     0.014874     9.184897 -1.846950
359  1.764120     0.027505     4.902608  1.858712
360  1.317411     0.046008     9.914997 -2.663482
361  1.303038     0.051989     5.059953 -0.855186
362  1.158350     0.122999     7.735262  2.156955
363  1.648091     0.013299     3.389348  1.858712
364  1.329193     0.040733     9.914997 -0.229748
365  3.213924     0.058381     7.977498  2.926771
366  0.909939     0.232969     8.929669  2.193017
367  0.944836     0.215620     6.878630  1.858712
368  0.826115     0.275366     9.914997  2.092136
369  0.993529     0.191817     4.934501  0.702100
370  0.760742     0.311751     6.678514  1.295868
371  2.146106     0.072476     4.149896  1.858712
372  1.350048     0.032017     9.914997 -1.185354
373  1.126665     0.129424     5.475512  0.482296
374  1.375670     0.021506     6.476211 -2.207595
375  1.190831     0.109541     6.140620  1.858712
376  1.256186     0.072080     9.914997  0.274658
377  2.138786     0.080705     5.889646  2.607385
378  1.279448     0.062121     8.204024 -0.568776
379  0.809798     0.284154     8.549077  1.858712
380  1.394696     0.013679     9.914997 -2.191849
381  1.593077    -0.031484     0.560936 -0.280060
382  0.796086     0.292615     9.763365  1.409227
383  2.676333     0.085961     3.379931  1.858712
384  1.308836     0.049631     9.914997 -1.894437
385  1.296948     0.054584     3.760346 -0.849711
386  1.293885     0.055976     7.497424 -1.775588
387  2.589322     0.133207     2.245626  1.858712
388  1.394690     0.013479     9.914997 -2.033209
389  1.638449     0.049219     9.100851  2.701005
390  1.163411     0.112986     9.545527  0.629035
391  2.504664     0.106016     2.927657  1.858712
392  1.408839     0.007693     9.914997 -2.344257
393  1.136632     0.125184     7.500068  0.351911
394  1.179870     0.105825     0.982671 -1.300839
395  2.386698     0.133638     3.047519  1.858712
396  1.051369     0.167223     9.914997  2.401740
397  1.200402     0.096491     4.223398 -0.213228
398  2.106089     0.105326     6.571094  2.981117
399  1.336738     0.077115     5.666543  1.858712
400  1.193019     0.099813     9.914997  0.493758
401  2.096538     0.027305     3.721329  2.156220
402  1.149991     0.119333     3.928125  1.311542
403       NaN          NaN     0.465440  1.858712
404  0.731230     0.328113     9.914997  1.642831
405  1.365106     0.025761     7.825126 -0.821417
406  1.282892     0.060635     4.825981 -1.117832
407       NaN          NaN     0.310604  1.642831
408  1.410602     0.006970     9.914997 -2.141062
409  1.016667     0.181994     8.369902  2.134358
410  1.328140     0.041257     5.488450 -0.653712
411  0.746782     0.318729     7.540144  1.642831
412  1.370120     0.023700     9.914997 -1.503408
413  1.093305     0.147719     6.742519  1.888385
414  1.314394     0.047180     4.304599 -2.156228
415  1.163876     0.121253     5.208007  1.642831
416  1.396822     0.012498     9.914997 -2.724702
417       NaN          NaN     1.065791  1.535643
418  1.318617     0.045571     9.524667 -2.810363
419  1.770697     0.019067     2.799259  1.642831
420  1.434723    -0.003176     9.914997 -1.275673
421  1.143745     0.121736     9.359215  0.762528
422  1.067641     0.156587     2.092282  0.111650
423  0.962851     0.206530     5.966678  1.642831
424  1.177950     0.106543     9.914997  0.413684
425  1.305043     0.051025     6.764263 -0.553714
426  1.199083     0.108435     7.249682  2.000604
427  0.751825     0.316012     7.716222  1.642831
428  1.401705     0.010618     9.914997 -2.670473
429  1.067590     0.156763     2.067096 -0.138852
430  1.210774     0.091886     4.555894 -0.182966
431  1.032796     0.174006     5.810327  1.642831
432  0.788627     0.295597     9.914997  1.973548
433  1.369495     0.024083     8.159282 -2.267249
434  1.287237     0.058704     3.807271 -1.589244
435  0.731231     0.327594     8.271583  1.642831
436  0.971406     0.203186     8.271583  2.101750
437  1.350338     0.031934     5.294643 -2.221246
438  1.401344     0.010835     6.159547 -2.793975
439  0.734874     0.325863     9.389973  1.642831
440  0.895690     0.239729     9.389973  2.197386
441  1.381420     0.018863     8.087918 -2.332700
442  1.360470     0.027737     7.153242 -0.337071
443  1.951613     0.090065     3.463901  1.642831
444  0.859283     0.259429     9.389973  1.187937
445  0.912884     0.231716     5.624066  0.885943
446  1.221359     0.091283     3.652553  1.297607
447  2.963945     0.109257     1.737523  1.642831
448  1.152208     0.118006     9.389973  0.682690
449  1.422286     0.001903     7.464159 -1.573334
450  1.406056     0.040352     3.714209  1.470452
451  1.168722     0.117714     4.998287  1.642831
452  1.358158     0.028540     9.389973 -0.399580
453       NaN          NaN     0.494580  1.780027
454  1.370688     0.023519     8.297925 -1.092788
455  1.011488     0.183599     5.901983  1.642831
456  1.381450     0.018985     9.389973 -2.276589
457  1.152926     0.117691     1.459351 -0.568521
458  1.381819     0.018751     9.268631 -1.774922
459  0.729707     0.328451     8.187767  1.642831
460  1.367018     0.024886     8.187767 -0.521766
461  1.171688     0.109364     1.179739 -0.926348
462  1.453786    -0.010682     8.368812 -2.138797
463  1.363308     0.100670     2.436457  1.642831
464  1.231391     0.082821     8.187767 -0.018106
465  0.728111     0.329577     8.190441  1.558943
466  1.153352     0.117407     9.688056  0.784897
467       NaN          NaN     0.360313  1.558943
468  1.250327     0.097306     8.190441  2.491424
469  1.367657     0.024661     6.968839 -0.928267
470  1.405712     0.009038     6.597881 -2.377702
471       NaN          NaN     0.559809  1.558943
472  1.389216     0.015771     8.190441 -2.332881
473  1.289234     0.057853     7.971098 -0.078050
474  1.515623     0.011894     8.192535  2.439220
475  0.856218     0.259749     6.126419  1.558943
476  0.783227     0.299579     8.190441  1.320407
477  1.311958     0.048148     2.668721 -2.611814
478  1.382014     0.018856     8.759306 -1.719587
479  1.333295     0.038801     1.281769  1.558943
480  1.323187     0.043135     8.190441 -0.380911
481  1.335773     0.038105     7.800235 -1.834297
482  1.501406     0.042873     8.709960  2.957967
483  1.125143     0.131912     4.926607  1.558943
484  1.400527     0.010999     8.190441 -1.277504
485  1.162542     0.113427     6.056257  0.262566
486  1.137439     0.124699     1.715887  0.479637
487  0.784353     0.298006     6.640026  1.558943
488  1.284027     0.059938     8.190441 -0.047214
489  1.324632     0.042910     1.393828 -2.808992
490  1.401240     0.010704     9.552997 -0.606239
491  0.776333     0.302502     7.112642  1.558943
492  0.957196     0.210026     8.190441  0.906686
493  1.270661     0.065760     2.625911 -1.438444
494  1.362355     0.122548     8.276158  2.438241
495  1.595970     0.021353     4.730015  1.558943
496  1.346851     0.033598     8.190441 -2.896023
497  0.873439     0.251419     3.813081  0.915187
498  3.044309     0.080194     2.179984  1.810782
499  2.514049     0.059513     2.651365  1.558943