error: 0.76 | highest correlation: nan
best global temp: 7.649625269722041 | best alpha: 1.5819804295897484 | best average temperature: 1.20
time scale: <class 'ising.Jij_sorted_ising'> | partial correlation: True

         error  correlation  global temp     alpha
0     1.175378     0.109589     3.993147  0.224747
1     1.241361     0.096691     4.886301  1.717901
2     1.394816     0.017924     0.636267  0.467867
3     0.928389     0.223428     3.308015  0.467867
4     1.725633    -0.003690     3.308015 -1.768051
5     1.665345    -0.023675     3.621663 -1.524113
6     0.906137     0.234597     8.151196  0.826075
7     0.857959     0.258898     6.067513  0.826075
8    29.529835     0.000044     6.067513  2.541282
9     1.862701     0.020462     8.337974 -2.088257
10    1.338534     0.050013     8.978720  0.130810
11    1.379384     0.028552     5.462277  0.130810
12    1.510818     0.005009     5.462277 -0.891366
13    0.792208     0.293582     9.726597  2.151981
14    1.883202     0.007955     5.847878 -2.381856
15    1.923897    -0.001135     8.598334 -2.381856
16    1.797094     0.022960     8.598334 -2.177048
17    1.436535     0.014256     6.201052 -0.599395
18         NaN          NaN     1.042535  2.889451
19    1.443747     0.018442     6.656242 -0.599395
20    2.073278     0.013065     6.656242  2.700313
21    1.609296     0.033867     9.999526 -1.531494
22    1.817023     0.024878     8.637072 -2.807156
23    2.068763     0.023478     7.956669 -2.807156
24    1.446405     0.015345     7.956669 -0.615662
25    1.888681    -0.017944     5.206968 -1.565364
26    1.005692     0.185729     2.432052  0.344610
27    1.216392     0.093221     5.702200  0.344610
28    1.368651     0.035640     5.702200  0.008447
29    0.930983     0.222113     3.534067  0.513295
30    1.354943     0.043053     8.658416  0.152222
31    1.217434     0.093750     4.693961  0.152222
32    1.720325    -0.015115     4.693961 -1.680497
33    2.758863     0.004664     1.461336  1.162583
34    1.379707     0.038540     9.480646 -0.262983
35    1.457258     0.005805     5.330224 -0.262983
36    2.025817    -0.001053     5.330224 -2.732858
37    1.931506     0.015441     3.618486 -2.826123
38    1.459868     0.015968     0.251920 -2.509994
39    2.001152    -0.020597     9.276198 -2.509994
40    2.011230    -0.009000     9.276198 -2.422955
41    2.011107    -0.003653     5.666000 -2.569411
42    1.185324     0.104397     2.549247  0.098224
43    1.085075     0.148694     1.924243  0.098224
44    1.723374    -0.008445     1.924243 -1.812004
45    1.448821     0.007264     3.045144 -0.667237
46    1.440243     0.016366     9.875053 -0.442759
47    1.524390    -0.014645     7.886698 -0.442759
48    1.378708     0.037603     7.886698 -0.127053
49    1.434578     0.084836     1.940826  1.127074
50    0.989806     0.198785     7.942066  2.227108
51    2.287807     0.157844     2.627770  2.227108
52    0.935918     0.219769     2.627770  0.778861
53    2.040496     0.093427     2.255116  2.242496
54    0.792023     0.293335     8.016217  1.193634
55    0.783679     0.297907     4.598163  1.193634
56    1.238386     0.082907     4.598163  0.301206
57    1.583850    -0.011731     7.395158 -1.086955
58    0.792447     0.293051     6.451862  1.192833
59    0.806512     0.285624     8.360430  1.192833
60    1.228032     0.089944     8.360430  0.393925
61    1.350763     0.103781     8.892546  2.648287
62    1.749703     0.018509     9.120543 -1.698563
63    1.651402     0.018612     3.966388 -1.698563
64    1.648907     0.031997     3.966388 -1.690890
65    1.535268    -0.008591     8.994052 -1.032142
66    0.832947     0.271760     6.610196  0.972387
67    0.791176     0.293915     5.953750  0.972387
68    2.191416     0.005934     5.953750  2.800124
69    0.795347     0.291559     9.250392  1.186682
70    1.330572     0.049810     5.885909  0.067404
71    1.384434     0.030638     7.272912  0.067404
72    1.091080     0.147749     7.272912  0.487400
73    1.482277    -0.007230     3.998716 -0.259795
74    2.005905     0.003186     8.011097 -2.690341
75    1.835910     0.011628     1.600760 -2.690341
76    1.653864     0.000294     1.600760  1.403675
77    1.945020     0.003554     7.282988 -2.349428
78    0.769878     0.305285     9.577507  1.700019
79    1.623278     0.043638     2.803436  1.700019
80    1.281236     0.070034     9.577507  0.361236
81    0.803939     0.287036     7.069568  1.025414
82    1.589963    -0.019203     7.232767 -1.064811
83    0.886872     0.244166     8.656055  1.025414
84    1.303293     0.122715     8.656055  2.759321
85    2.048347     0.027971     7.333385 -2.365802
86    1.702659     0.025714     7.948668 -1.882996
87    1.676207    -0.005649     1.198595 -1.882996
88         NaN          NaN     1.198595  2.699765
89    0.874678     0.252092     9.782260  2.393266
90         NaN          NaN     1.058056  2.917508
91    2.367724     0.107174     4.219373  2.393266
92    1.451834     0.009792     9.782260 -0.266189
93    1.672311    -0.001004     4.549282 -1.938816
94    1.523634    -0.022141     1.366843 -1.138108
95    1.693008     0.079115     6.578447  2.393266
96    0.800645     0.288748     9.782260  1.278601
97    0.831984     0.272442     6.680789  1.657095
98    1.665872     0.046775     2.338160  2.005198
99    2.239257     0.068614     2.159059  1.657095
100   1.989220     0.033995     6.680789 -2.869466
101   1.608881     0.012710     5.330134 -1.397989
102   1.590330     0.028870     8.803398 -1.480184
103   1.178414     0.127468     4.582250  1.657095
104   1.576137    -0.035511     6.680789 -0.484121
105   1.808783     0.004369     1.699264 -2.914344
106   1.528223     0.014876     7.531402 -0.778856
107        NaN          NaN     0.205515  1.657095
108   0.780128     0.299649     6.680789  1.320713
109   0.845796     0.266186     9.371401  2.292491
110   1.519089     0.027510     5.978931 -1.519535
111   1.426417    -0.000685     1.652345  2.292491
112   1.652254     0.064497     9.371401  2.490824
113   1.166726     0.141792     9.411489  2.651173
114   1.313538     0.112639     9.351324  2.693065
115   0.895662     0.242265     8.785770  2.292491
116   1.427508     0.025361     8.785770 -0.517785
117   3.950237     0.017004     5.647906  1.949420
118   1.666905     0.032448     8.523703 -1.564496
119   0.874391     0.252454     9.241607  2.292491
120   1.953139     0.026865     9.241607 -2.468230
121   1.448053     0.010413     5.328849 -0.420094
122   1.290274     0.063427     4.199489  0.098598
123   3.965351     0.026342     7.111884  2.292491
124   1.544506     0.010578     9.241607 -1.515256
125   1.711954    -0.000455     4.682816 -1.581622
126   1.806467     0.041145     6.769019  2.465042
127   2.849548     0.079902     2.591756  2.292491
128   1.389968     0.032480     9.241607 -0.030953
129   1.495037    -0.000193     3.805182 -0.804846
130   1.762199    -0.013850     3.641513 -1.516748
131   1.820432     0.059856     2.592328  2.292491
132   1.343306     0.121786     9.241607  2.685525
133   1.242885     0.145576     6.287024  2.290313
134   1.983479     0.012095     7.102132 -2.890288
135   2.485328     0.040162     2.775609  2.292491
136   1.458060     0.011744     9.241607 -0.789004
137        NaN          NaN     0.261048  2.376839
138   2.609625     0.070768     3.948849  2.554462
139   1.326592     0.072032     4.226419  2.292491
140   0.815778     0.281138     9.241607  1.999242
141   1.612604    -0.001530     1.106800 -1.856157
142        NaN          NaN     0.983344  2.433569
143   0.788194     0.295641     9.212606  1.999242
144   0.820040     0.279040     9.212606  2.126253
145   1.409720     0.013575     3.149213  1.950235
146   1.619275    -0.002723     2.882548 -1.373606
147        NaN          NaN     1.220118  2.126253
148   2.217673     0.016642     9.212606 -2.894221
149        NaN          NaN     0.415957  2.353070
150   1.464961     0.030856     0.608870 -2.186721
151   1.708813     0.080899     5.034020  2.126253
152   0.847784     0.264946     9.212606  2.166576
153   0.816116     0.280577     5.072866  1.424222
154   0.839432     0.268496     3.866043  1.169122
155   0.778140     0.300961     4.519627  1.169122
156   1.685114     0.044935     4.519627  1.934423
157   2.159400     0.045809     7.984128  2.680124
158   0.797327     0.290686     5.098904  0.921632
159   1.304425     0.050367     1.764676  0.921632
160   1.313855     0.106725     5.098904  1.853214
161   1.461008     0.009480     0.949438  0.342949
162   1.087041     0.149038     6.060604  0.531042
163   0.780894     0.299897     3.712297  0.921632
164   1.962780    -0.006674     3.712297 -2.562122
165   1.614481     0.008083     6.541036 -1.695148
166   1.295185     0.061911     4.740790  0.089958
167   0.919094     0.228080     8.549195  0.921632
168   1.695623    -0.013817     3.712297 -1.697906
169   2.106060     0.030273     3.465506  2.575975
170   1.868899     0.000881     3.088342 -2.898190
171   0.917825     0.228815     9.900703  0.921632
172   1.561250     0.034939     3.712297  1.514269
173   1.489095    -0.003475     8.891093 -0.581296
174   0.838334     0.269824     9.258261  2.167772
175   2.482340    -0.025315     5.698292  2.167772
176   1.780916     0.036661     9.258261 -2.142234
177   1.326076     0.048830     1.752263 -0.411415
178   0.893779     0.242771     8.981695  2.272322
179   3.434476    -0.020750     7.709734  2.272322
180   1.809942     0.013776     8.981695 -1.947423
181   0.913039     0.231249     9.545215  0.949944
182   1.976443    -0.006498     5.034946 -2.365746
183   0.855452     0.260161     8.061437  0.949944
184   1.934222    -0.006305     8.061437 -2.191248
185   1.770649     0.027910     1.396283  0.990039
186   1.520467    -0.014669     2.509838 -1.055096
187   0.809485     0.284128     7.048075  0.949944
188   1.469879     0.009193     7.048075 -0.513674
189   0.782100     0.298588     6.717835  1.622622
190   1.423102     0.013712     3.577622 -0.254960
191   2.722426    -0.001224     1.345310  1.622622
192   0.819693     0.278760     6.717835  0.922677
193   1.295977     0.059092     1.044227 -0.570803
194   0.889073     0.243118     4.278376  0.603791
195        NaN          NaN     0.265180  0.922677
196   1.779676     0.039970     6.717835 -1.931409
197   1.637795     0.047724     1.351776 -2.625710
198   1.678764     0.014714     1.772653 -2.059825
199   0.911357     0.231968     9.007737  0.922677
200   1.587703     0.033623     6.717835 -1.892708
201   1.284377     0.109962     5.658735  1.981873
202   2.164362     0.119051     2.313201  1.695294
203   1.003102     0.187317     2.649289  0.922677
204   1.364261     0.041037     6.717835 -0.123262
205        NaN          NaN     0.598947  1.392871
206   2.237696     0.094786     4.660640  2.544118
207   0.856707     0.259773     3.169947  0.922677
208   0.860719     0.258391     6.717835  1.867748
209   1.040281     0.169721     2.501548  0.880768
210   0.782501     0.298397     7.660874  1.350129
211   0.848350     0.263770     4.542887  1.350129
212   1.970889    -0.003657     7.660874 -2.117421
213   1.632364     0.017192     8.810750 -1.586131
214   1.689483     0.015786     1.934218 -2.217003
215   0.786348     0.296300     7.078141  1.350129
216   1.507183     0.063968     7.078141  2.794746
217   0.807678     0.285407     9.741005  2.094372
218   1.653269     0.018820     7.921944 -1.563802
219   0.797495     0.290946     8.523191  2.094372
220   2.006933     0.024430     8.523191 -2.421012
221   1.094512     0.146117     8.102669  0.596767
222        NaN          NaN     0.754647  1.319753
223   2.077969     0.026057     3.536837  2.094372
224  10.081422    -0.037197     8.523191  2.670576
225   0.866287     0.255025     2.864458  0.648642
226   1.483283     0.002760     5.648076 -0.844258
227   1.430563     0.006458     2.535545  2.094372
228   0.904510     0.237390     8.523191  2.167551
229   2.375180     0.115873     2.782561  2.618139
230   0.778388     0.300576     7.047367  1.393477
231   1.685368     0.028543     2.792061  1.393477
232   1.139220     0.126350     7.047367  0.501357
233   1.335012     0.045886     0.964884 -0.778246
234   1.875130    -0.023482     5.588860 -1.773793
235   0.783829     0.297691     5.437027  1.393477
236   1.597467     0.045762     5.437027 -1.628708
237   1.454998     0.010484     7.378831 -0.388329
238   0.778265     0.300706     8.461573  1.732742
239   0.789999     0.294539     9.518385  1.732742
240   0.783483     0.298023     9.518385  1.910274
241   1.467363     0.011043     6.819085 -0.819332
242   2.863090     0.016072     5.668414  2.051874
243   0.800231     0.289145     9.213399  1.910274
244   1.386294     0.031366     9.213399  0.105710
245   0.814131     0.281906     7.662323  1.832716
246        NaN          NaN     1.114196  2.488669
247   2.161323     0.099040     2.757378  1.832716
248   0.762696     0.309035     7.662323  1.509111
249   1.418014     0.029707     0.264615 -2.391559
250   1.432584     0.017465     6.808282 -0.521606
251   0.808524     0.284685     9.285904  1.509111
252   0.790684     0.294016     7.662323  1.410702
253   3.187239     0.073239     2.933144  2.929398
254        NaN          NaN     0.107825  0.836207
255   0.794922     0.291754     5.594848  1.410702
256   0.806411     0.285668     5.594848  1.071813
257   0.809939     0.283958     6.993929  1.748187
258   1.430828     0.010404     0.387033 -1.313435
259        NaN          NaN     0.359223  1.071813
260   1.586553     0.015249     5.594848 -1.207545
261   1.030844     0.178350     5.341781  1.722254
262   1.447512     0.007952     1.699071 -1.036908
263   0.798823     0.289718     6.343556  1.071813
264   1.312250     0.057661     6.343556  0.115787
265   1.669858    -0.006619     7.896253 -1.539058
266   1.461214     0.010143     6.983979 -0.545559
267   0.809590     0.284015     7.228161  1.071813
268   1.661687     0.022854     7.228161 -1.537194
269   0.791991     0.293408     8.411882  1.616529
270   1.078228     0.151618     2.600776  1.030921
271   3.048839     0.077435     1.974031  1.616529
272   1.779130    -0.001223     8.411882 -2.118315
273   0.775642     0.302052     6.779235  1.420045
274        NaN          NaN     0.785910  2.981701
275   0.820217     0.278520     9.936253  1.420045
276   1.851657     0.028980     6.779235 -2.757341
277   1.838069     0.069937     9.058971 -2.676750
278   1.712321     0.033378     2.437081  1.261772
279   2.827759     0.069214     1.840525  1.420045
280   0.919250     0.228071     6.779235  0.783734
281   1.576111    -0.039978     2.404940 -0.713803
282   1.543609     0.007695     0.108651 -1.999552
283   0.789682     0.294544     7.543134  1.420045
284   0.811208     0.283495     7.543134  1.919580
285   1.320518     0.051193     4.495226  0.063662
286   1.696719    -0.013770     0.571593  0.208130
287   0.789295     0.294909     8.867901  1.919580
288   0.783703     0.297868     8.867901  1.868318
289   1.471243    -0.019462     1.565744  1.516842
290   1.816537     0.047779     5.130864  2.245990
291        NaN          NaN     0.937939  1.868318
292   0.904144     0.238336     8.867901  2.212736
293   1.450566     0.012965     0.710843 -1.555079
294   1.697035     0.010667     3.518969 -2.084507
295   2.492077     0.030242     5.028656  1.868318
296   0.823912     0.276487     8.867901  1.136338
297   1.423597     0.024118     8.265789 -0.633721
298   1.395560     0.025168     3.449520 -0.280570
299   1.568411     0.039165     2.955667  1.868318
300   1.732254     0.020398     8.867901 -1.713620
301   1.430242     0.018654     6.228948 -0.411043
302   1.533517    -0.009714     7.190733 -0.596044
303   0.779046     0.300345     9.321041  1.868318
304   1.770917     0.008384     9.321041 -2.278083
305   1.734170     0.009407     3.690172 -2.045371
306   1.436829     0.014942     4.170602 -0.711665
307   0.808464     0.284861     8.533056  1.868318
308   0.911325     0.232003     9.321041  0.921337
309   1.601364    -0.009396     9.788434 -0.804184
310   1.164021     0.113853     2.909595  0.179741
311   0.792530     0.293207     8.427105  1.868318
312   0.820570     0.278244     8.427105  1.122220
313   1.868995     0.005629     2.396083 -2.386293
314   2.172903    -0.003964     5.939472  2.784783
315   1.456780     0.040469     4.572062  1.868318
316   1.739808     0.024461     8.427105 -2.189956
317   0.780759     0.299410     8.910808  1.719460
318   0.839252     0.268530     5.161438  0.842847
319   3.143628     0.069234     1.973042  1.719460
320   0.824657     0.276092     8.910808  1.156383
321   1.503749    -0.007055     5.121836 -0.696163
322   1.474642    -0.002744     2.567575 -0.666148
323   0.775586     0.302219     9.471928  1.719460
324   2.094626     0.002153     9.471928 -2.986970
325   1.658836     0.090753     4.322306  2.026802
326   1.502207     0.036619     1.018420 -2.501451
327   1.282568     0.112029     4.182970  1.719460
328   1.245701     0.084536     9.471928  0.350894
329   0.963697     0.208463     5.413746  1.651678
330   1.517898     0.002205     7.278495 -0.991760
331   1.623270     0.097043     3.453075  1.719460
332   0.787142     0.296179     9.471928  2.085884
333   1.996187     0.001308     5.868380 -2.965366
334   1.624889     0.034185     2.590394 -2.077944
335   2.133923     0.097931     3.431512  2.085884
336   1.481684    -0.000265     9.471928 -0.339584
337   1.140911     0.126021     6.478831  0.393660
338   1.456709     0.186722     3.365803  2.393165
339        NaN          NaN     0.824130  2.085884
340   1.378019     0.038256     9.471928 -0.117870
341   0.776093     0.301853     7.995511  1.588011
342   1.134182     0.126561     2.012495  0.089465
343   2.325505    -0.025252     2.786503  1.588011
344   0.789814     0.294529     7.995511  1.665916
345   1.177623     0.108789     4.842413  0.354884
346   1.382966     0.035666     7.827421 -0.411555
347   1.229553     0.114813     5.337579  1.665916
348   0.853105     0.261355     7.995511  0.993602
349   1.581244    -0.004453     0.152313 -0.969557
350   1.237908     0.135074     2.567837  2.437658
351   2.953285     0.048760     2.047124  1.665916
352   0.829404     0.273588     7.995511  1.155286
353   2.260003    -0.028812     5.925191 -2.986079
354   1.518225     0.004157     0.146187 -1.838886
355        NaN          NaN     1.162745  1.665916
356   0.799309     0.289449     7.995511  1.160515
357   1.833640     0.076584     7.878206  2.946313
358   1.350338     0.040849     2.812899 -0.238958
359   0.788026     0.295664     4.253622  1.160515
360   1.883278     0.005494     4.253622 -2.715549
361   1.010817     0.183867     6.186686  0.583797
362   3.141343     0.031834     1.705161  1.682114
363   0.825245     0.275931     3.938608  1.160515
364   1.471128    -0.001459     4.253622 -0.322676
365   1.446549    -0.009240     1.700345  2.032031
366   1.689047     0.040592     5.246470 -2.329050
367   0.774712     0.302606     5.807312  1.160515
368   1.241602     0.084350     5.807312  0.213326
369   1.308465     0.065185     6.580108 -0.347065
370   1.106223     0.138886     1.394437  0.438285
371   0.782209     0.298552     5.343857  1.160515
372   1.302284     0.061138     5.343857  0.079761
373   1.653022     0.042700     2.545762 -2.202632
374        NaN          NaN     0.584833  1.760619
375   0.834088     0.271108     7.319399  1.160515
376   1.794396     0.004989     5.343857 -2.062797
377   1.446734     0.014138     4.065007 -0.767200
378   0.971872     0.202514     6.930412  0.667186
379   0.787369     0.296028     4.082143  1.160515
380   1.587785     0.059301     4.082143  1.688595
381   1.688161     0.036066     3.375563 -2.861216
382   2.482443     0.042717     3.760447  2.308479
383   0.773912     0.303133     4.670855  1.160515
384   1.928654    -0.006733     4.670855 -2.622488
385   0.786637     0.296141     6.855954  1.351266
386   1.486347     0.009074     4.126808 -1.154230
387   0.779265     0.300212     4.902245  1.160515
388   1.471711     0.007059     4.902245 -0.845210
389   1.378279     0.035223     7.443508 -0.017129
390   1.350688     0.072702     0.196228 -2.318885
391        NaN          NaN     0.883585  1.160515
392   1.477959     0.020187     4.902245 -1.301732
393   0.781427     0.299023     8.325479  1.495210
394   1.098012     0.144485     5.862239  0.414064
395   0.865025     0.255450     5.085172  1.495210
396   0.841769     0.267971     8.325479  2.049708
397   1.505279     0.020308     3.597902 -1.548921
398   0.831796     0.272675     6.110663  1.669550
399   1.110539     0.140642     4.426054  1.495210
400   1.715515    -0.015127     8.325479 -1.418564
401   2.755878     0.113070     1.593083  1.381262
402   1.158936     0.132994     8.445477  2.407327
403   1.050641     0.167939     4.365174  1.495210
404   0.797995     0.290392     8.325479  1.915719
405   1.299563     0.064618     0.405804 -1.068089
406   1.674805     0.010734     2.206741 -2.203883
407   1.000955     0.189835     4.365353  1.495210
408   0.821058     0.278510     8.325479  1.983712
409   1.535646     0.028237     2.648889 -1.629789
410   1.588782    -0.021874     2.155608 -1.108115
411   0.804730     0.286568     5.820460  1.495210
412   1.543618    -0.006917     8.325479 -0.714195
413   1.333981     0.050614     7.772420  0.150978
414   1.916892    -0.002319     2.710960  1.512502
415   0.986152     0.197150     4.446109  1.495210
416   0.830944     0.273435     8.325479  1.988502
417   1.325364     0.118001     8.660013  2.731026
418   1.438640     0.010650     2.740838 -0.665973
419   0.836215     0.270259     9.869223  1.495210
420   1.632494     0.018267     8.325479 -1.558327
421   1.746328    -0.026252     8.210817 -1.627923
422   1.741583     0.011468     1.065678 -2.421316
423   0.784529     0.297271     6.706648  1.495210
424   2.143041     0.049419     6.706648  2.389888
425   1.598938     0.010833     9.754066 -1.131260
426   0.803790     0.287080     7.286638  1.112907
427   0.811711     0.282999     8.736155  1.495210
428   1.951486     0.012685     6.706648 -2.909384
429   2.527469     0.014548     3.201316  2.266533
430   1.475897     0.061517     3.474101  1.467122
431   0.765270     0.307648     6.672758  1.495210
432   1.966523     0.010441     6.672758 -2.847828
433   1.195008     0.128236     7.163650  2.152850
434   1.765891     0.076709     3.120192  2.619806
435   0.811655     0.283037     9.810692  1.495210
436   1.321983     0.054052     6.672758  0.125197
437   1.470318     0.012430     2.891136 -1.149824
438   0.994776     0.191837     1.930762  0.589322
439        NaN          NaN     0.921160  1.495210
440   1.279075     0.070674     6.672758  0.174179
441   1.931698    -0.005418     3.984811 -2.557977
442   1.176582     0.109093     2.785091  0.038489
443   0.808030     0.284932     8.892719  1.495210
444   1.750629    -0.011011     6.672758 -2.073808
445   1.368225     0.041399     5.861147 -0.337036
446        NaN          NaN     0.715845  1.220163
447   1.980263     0.081228     2.414610  1.495210
448   1.715531     0.018360     6.672758 -1.972515
449   1.455097     0.008085     5.088314 -0.319207
450   1.648452    -0.019558     9.158520 -1.003513
451   0.765077     0.307782     7.649625  1.495210
452   1.748381    -0.007181     7.649625 -1.878806
453   1.746207     0.019846     7.100674  2.871030
454   1.355659     0.039753     0.495126 -1.121568
455   1.834805     0.054506     2.789552  1.495210
456   0.913557     0.234274     7.649625  2.159525
457   1.433445     0.017805     8.170492 -0.381427
458   2.016268     0.000133     3.753390 -2.682025
459   2.441618     0.084528     2.279709  1.495210
460   0.819653     0.278682     7.649625  1.143939
461   0.794847     0.291795     7.174813  1.165870
462   0.794212     0.292275     9.144709  1.702972
463   0.796387     0.290979     5.836831  1.495210
464   0.831878     0.272876     7.649625  1.919060
465   1.850979    -0.004775     6.587105 -2.346027
466   1.142359     0.125527     8.040520  0.508917
467        NaN          NaN     0.882048  1.495210
468   0.797466     0.290394     7.649625  1.209988
469   1.396869     0.029093     9.029774  0.014620
470   0.958515     0.208543     3.435022  0.499963
471   0.801676     0.288294     9.246404  1.495210
472   1.674388     0.020083     7.649625 -1.440269
473   1.952791    -0.000522     7.623233 -2.257998
474   1.720429    -0.012537     7.865684 -1.471215
475   1.629450     0.044384     2.803312  1.495210
476   1.505461     0.003078     7.649625 -0.850879
477   0.989379     0.201128     7.207374  2.031733
478   1.537173     0.045975     6.712141 -1.369401
479   1.545659     0.086282     3.190832  1.495210
480   1.063829     0.160507     7.649625  0.527249
481   2.500471    -0.019595     3.608416  2.557588
482   1.581372     0.015640     8.846708 -1.047289
483   1.760099     0.022309     2.012003  1.495210
484   0.836527     0.270619     7.649625  1.947480
485   1.415455     0.023218     7.661494 -0.426974
486   1.827884    -0.011698     1.361635 -2.723415
487   0.824595     0.276209     5.286786  1.495210
488   0.760597     0.310175     7.649625  1.581980
489   1.689573     0.047841     9.708016  2.973522
490   1.707439     0.031390     8.632085 -1.620954
491   0.777315     0.301212     8.184304  1.581980
492   2.124579     0.004946     7.649625 -2.988349
493   1.435649     0.016905     7.440812 -0.654139
494   1.456529     0.030193     0.612915 -1.719162
495   1.974408     0.098019     2.972046  1.581980
496   1.387123     0.034012     7.649625 -0.121271
497   1.792512     0.000773     7.701808 -2.216446
498   1.309041     0.058499     6.800193  0.134555
499   1.861491     0.081249     3.029274  1.581980