error: 0.71 | highest correlation: nan
best global temp: 9.048248539471246 | best alpha: 1.724078897330628 | best average temperature: 1.29
time scale: <class 'ising.random_ising'> | partial correlation: True

        error  correlation  global temp     alpha
0    1.435944    -0.003554     9.880567 -1.358024
1    0.952203     0.211949     8.249587  2.024313
2    1.172991     0.108616     7.903733  0.512786
3    1.164367     0.112621     9.610177  0.512786
4    1.386968     0.016826     9.610177 -2.419457
5    1.162968     0.113030     2.532262 -0.197372
6    1.075011     0.153335     4.994961  0.465328
7    1.064783     0.157934     4.409363  0.465328
8    1.448176    -0.008406     4.409363 -2.461372
9    1.387788     0.016454     7.363411 -2.783199
10   2.134149     0.130978     3.173498  2.134933
11        NaN          NaN     0.594686  2.134933
12   1.648936     0.010603     3.173498  2.253072
13   0.951750     0.212044     3.523290  0.652322
14   1.349375     0.032354     3.712795 -2.756732
15   1.320860     0.044539     1.838644 -2.756732
16   1.034496     0.172319     1.838644  0.005593
17   1.337514     0.037365     6.415164 -1.617335
18   1.413525     0.005666     4.755336 -2.883852
19   1.373705     0.022150     5.906465 -2.883852
20   1.590362     0.036870     5.906465  2.476134
21   1.374780     0.021788     4.476367 -2.288999
22   1.326035     0.042230     3.703726 -1.766694
23   1.326930     0.041956     7.210528 -1.766694
24   1.318185     0.045678     7.210528 -1.859950
25   1.332641     0.039301     4.639936 -0.978657
26   1.329651     0.040668     5.485179 -0.270659
27   1.319888     0.044799     9.489609 -0.270659
28   1.383713     0.018126     9.489609 -1.335873
29   1.294517     0.055820     1.485500  0.627639
30   1.234252     0.081798     1.325584 -1.988637
31   1.380253     0.019392     4.382998 -1.988637
32   1.118531     0.133381     4.382998  0.069676
33   1.156409     0.116064     4.406591  0.080792
34   2.436203     0.064588     3.641197  2.928061
35   1.787518     0.108751     8.749637  2.928061
36   0.741034     0.322322     8.749637  1.626702
37   1.415595     0.004805     9.077825 -1.645110
38   1.110063     0.140464     6.814075  1.927385
39   2.460743     0.099582     2.323612  1.927385
40   1.392664     0.013352     2.323612  2.276558
41   1.246375     0.076514     1.557686 -1.593894
42   1.300330     0.053063     3.129241 -2.344473
43   1.347241     0.033348     8.288160 -2.344473
44   1.436545    -0.003631     8.288160 -1.415200
45   1.399511     0.042723     6.082542  1.909382
46   1.024895     0.176951     8.331885  0.859851
47   0.981769     0.198003     8.375174  0.859851
48   1.286253     0.059229     8.375174 -0.300564
49   1.336847     0.037482     7.229951 -1.358750
50   1.241486     0.078382     9.912627  0.211058
51   1.087336     0.147371     3.222656  0.211058
52   1.187351     0.102327     3.222656 -0.349863
53   1.128517     0.128802     1.235242 -0.545553
54   1.304663     0.051147     3.205122 -0.975673
55   1.420693     0.002761     9.489718 -0.975673
56   1.342563     0.035153     9.489718 -0.402504
57   1.434454    -0.004202     1.804645  2.553065
58   1.351752     0.031388     5.420773 -2.521200
59   1.405858     0.009005     6.228847 -2.521200
60   0.894084     0.240381     6.228847  1.615391
61   1.384381     0.017610     9.191608 -0.540292
62   1.941404    -0.036921     3.502952  2.719951
63   1.300106     0.136338     9.680297  2.719951
64   1.367939     0.024658     9.680297 -0.984979
65   1.278747     0.061765     1.615876  0.750053
66   1.177619     0.106738     2.573829 -0.772812
67   1.123366     0.131311     1.133238 -0.772812
68   1.262392     0.069706     1.133238 -2.894034
69   0.858960     0.259207     4.394883  0.852688
70   1.028272     0.175386     4.819159  1.464927
71   1.627046     0.058898     2.874039  1.464927
72   1.342173     0.034824     2.874039  2.513185
73   1.369722     0.023911     4.963032 -1.144512
74   1.017294     0.180376     2.314389  0.265032
75   1.274713     0.063820     7.641911  0.265032
76   0.877176     0.248965     7.641911  1.790885
77   1.136995     0.125289     0.615579 -1.179297
78   1.198656     0.097453     1.507808 -1.332948
79   1.229571     0.083764     1.429123 -1.332948
80   3.503487     0.061528     1.429123  1.420413
81   1.425409     0.000897     9.226564 -2.706627
82   1.304904     0.051203     3.975669 -2.612366
83   1.365957     0.025243     1.670002 -2.612366
84   1.193235     0.099841     1.670002 -1.321132
85   1.326204     0.170262     9.497054  2.814990
86   0.741781     0.321618     9.766996  1.812897
87   1.277512     0.086820     5.194902  1.812897
88   0.888569     0.244445     9.766996  1.153297
89   3.065193     0.077975     3.631800  2.930074
90   1.145508     0.121047     6.297012  0.265137
91   1.507296    -0.024091     0.780066  0.265137
92   1.412213     0.017657     0.780066 -0.175699
93   1.246614     0.085268     3.797960  1.406107
94   1.256151     0.072303     1.146254 -2.293513
95   1.431894    -0.001838     7.820524 -2.293513
96   1.517659     0.075806     7.820524  2.695165
97   1.439199     0.127188     5.136940  1.897181
98   3.624198     0.042086     1.936418  2.858056
99        NaN          NaN     0.717468  1.897181
100  1.366582     0.025124     5.136940 -2.172902
101  1.376385     0.021113     6.306147 -1.903696
102       NaN          NaN     0.387487  1.335961
103  1.259784     0.070594     1.502291 -1.903696
104  3.489382     0.088114     1.502291  1.818575
105       NaN          NaN     0.621051  1.190776
106  0.957039     0.209678     4.561423  0.704224
107  0.919052     0.228368     3.545010  0.704224
108  2.118173     0.066443     3.545010  2.705525
109       NaN          NaN     0.480741  2.970203
110  1.382817     0.018536     3.319689 -2.562280
111  1.105079     0.139226     7.154980  0.704224
112  1.414913     0.070765     7.154980  2.045344
113  1.337264     0.037636     6.439048 -1.732717
114       NaN          NaN     0.218114  1.985560
115  1.074535     0.153642     8.051143  0.704224
116  1.346025     0.033842     8.051143 -2.979544
117  1.235347     0.081234     4.525626 -0.639454
118       NaN          NaN     0.619567  1.543363
119  1.554447    -0.007019     0.316862 -0.639454
120  1.318230     0.045474     4.525626 -2.600150
121  1.191569     0.100304     4.130827 -0.086796
122  1.339757     0.036350     4.886047 -1.526140
123  1.123389     0.131100     3.341207 -0.086796
124  1.885657     0.109788     3.341207  2.278540
125  1.298117     0.054021     7.585157 -0.042846
126  1.313903     0.047451     8.233590 -1.088726
127  1.248714     0.075457     4.794931 -1.088726
128  1.401095     0.010844     4.794931 -2.322107
129  0.935659     0.220537     9.589974  1.084823
130  1.410793     0.006761     9.061952 -1.895910
131  0.901904     0.237530     8.562721  1.084823
132  0.924644     0.225344     8.562721  2.056670
133  1.383244     0.018407     2.625954 -2.496421
134  1.163141     0.113148     5.318728  0.177219
135  1.861601     0.008220     3.096867  2.056670
136  1.333885     0.038658     8.562721  0.212221
137  1.182117     0.104421     5.517598  0.322717
138       NaN          NaN     0.221802  0.718566
139       NaN          NaN     0.853686  2.056670
140  1.339465     0.036594     8.562721 -1.340393
141  1.896172     0.044499     8.762903  2.343618
142  0.953447     0.211866     7.953230  0.922825
143       NaN          NaN     0.323363  0.922825
144  0.757450     0.313067     7.953230  1.579499
145  1.153530     0.117625     0.684819 -1.157662
146  1.310725     0.048637     7.021069 -0.310073
147  1.429887     0.056705     4.267618  1.579499
148  1.299291     0.053445     7.953230 -0.052735
149  2.320837     0.122520     3.267668  2.731152
150  1.234768     0.081624     1.169133 -1.558659
151  1.543216     0.040662     3.732106  1.579499
152  0.726254     0.331042     7.953230  1.414656
153  3.207763     0.047058     2.752672  2.540231
154  1.045662     0.167085     2.995790  0.213537
155  2.852951     0.049311     1.952865  1.414656
156  1.307665     0.049953     7.953230 -0.581863
157  2.722357     0.091533     2.322715  1.768286
158  1.321262     0.044346     4.528608 -1.304428
159  2.917541     0.126388     1.789166  1.414656
160  0.916043     0.230345     7.953230  1.029369
161  1.117256     0.133739     8.898628  0.758866
162  1.373168     0.021615     2.872601  2.460824
163  0.748803     0.318124     7.122343  1.414656
164  0.769977     0.305858     7.122343  1.608316
165  1.192212     0.099884     6.327035  0.452639
166  1.300063     0.053287     5.848636 -1.877459
167  3.411895     0.096397     1.485320  1.608316
168  1.688732     0.121296     7.122343  2.706665
169       NaN          NaN     1.185228  2.412049
170  1.656900     0.032107     5.684244  2.244239
171  2.512232     0.078708     2.934933  1.608316
172  1.440545    -0.005262     7.122343 -2.144054
173  1.360872     0.027573     5.599330 -2.269064
174  1.222784     0.086617     2.089114 -0.528369
175  1.626033     0.019201     2.896650  1.608316
176  1.299257     0.053241     7.122343 -0.000927
177  1.161565     0.113727     5.835652  0.276887
178  1.393149     0.028516     0.312185 -1.314560
179  1.419723     0.043562     2.764461  1.608316
180  0.903342     0.236824     7.122343  0.953406
181  2.270179     0.064426     3.877023  2.011058
182  1.093091     0.144835     2.788929  1.009714
183  1.917283     0.069107     3.172497  1.608316
184  1.475706    -0.019608     7.122343 -2.067269
185  0.898159     0.238346     5.312772  1.444209
186  1.318179     0.045571     2.999611 -2.176582
187  0.874278     0.250460     6.442065  1.608316
188  0.760449     0.311937     7.122343  1.304913
189  0.944195     0.216259     7.736047  2.055227
190  1.557909    -0.002363     0.854149  0.500529
191  1.533017     0.033252     2.236928  1.304913
192  1.395569     0.013026     7.122343 -1.705513
193  1.003534     0.187094     3.608026  0.419365
194  1.337636     0.037457     8.634161 -1.687699
195  0.766484     0.308236     6.029273  1.304913
196  1.226018     0.085031     6.029273  0.164985
197  1.321459     0.044115     7.332224 -0.508036
198  1.326923     0.041692     7.514778 -1.177230
199  0.776125     0.303126     6.148120  1.304913
200  0.733516     0.326792     6.148120  1.292023
201  1.417645     0.004060     8.738075 -2.999747
202       NaN          NaN     0.338889  1.602001
203  0.752043     0.316734     7.153302  1.292023
204  2.503359     0.077997     7.153302  2.428560
205  1.278745     0.062504     8.748315 -0.704934
206  1.308836     0.049576     9.442066 -0.412195
207  0.774716     0.303773     6.119193  1.292023
208  0.993147     0.192154     6.119193  0.785075
209  1.428471    -0.000348     8.661037 -1.257104
210  1.097925     0.142608     4.893311  0.431219
211  0.739729     0.323428     6.567133  1.292023
212  1.249312     0.075019     6.567133 -0.000078
213  1.327439     0.041672     5.138576 -2.134080
214  0.963813     0.205686     3.429391  0.984949
215  1.458507     0.034974     2.586353  1.292023
216  1.412217     0.006087     6.567133 -1.810156
217  1.317953     0.045767     2.975288 -2.642675
218  1.160839     0.114339     0.759254 -1.338707
219  0.816263     0.281955     9.368383  1.292023
220  1.386176     0.017056     6.567133 -2.388603
221  1.370305     0.023712     9.159318 -2.510843
222  1.456597     0.021092     0.352733 -0.577768
223  0.762078     0.311079     6.878876  1.292023
224  1.285027     0.059664     6.878876 -0.541365
225  1.254990     0.072704     9.685365 -0.162974
226  1.283903     0.060155     4.039333 -0.698673
227  1.410048     0.006031     1.281385  1.292023
228  1.366719     0.025125     6.878876 -1.847496
229  1.206715     0.093665     3.573404 -0.323093
230  1.423156     0.001899     8.354607 -2.104742
231  0.750256     0.317726     7.446331  1.292023
232  1.123240     0.131096     7.446331  0.578493
233  1.823180     0.104674     6.587908  2.477054
234  0.891181     0.241848     7.387069  1.791400
235  0.894593     0.240240     4.571529  1.292023
236  1.080867     0.150484     7.446331  0.729956
237  1.390278     0.015293     7.495000 -2.200317
238  1.013805     0.181543     2.620727  0.767784
239  0.811197     0.283851     5.296636  1.292023
240  1.249124     0.096882     7.446331  2.317491
241  1.348966     0.032528     3.120441 -1.753677
242  1.376045     0.021147     5.914274 -2.111365
243  0.761115     0.311751     7.545782  1.292023
244  1.200746     0.103318     7.545782  2.196064
245  1.396933     0.012706     6.900581 -2.562596
246  1.357844     0.028742     6.178132 -1.698021
247  0.831909     0.273600     9.357714  1.292023
248  0.731771     0.327671     7.545782  1.503675
249  1.265005     0.068508     0.914834 -2.059996
250  2.253761     0.053310     2.057896  1.562490
251  2.276023     0.115081     2.062395  1.503675
252  1.213744     0.090580     7.545782  0.205911
253  1.337723     0.037210     9.403993 -0.800041
254  0.784465     0.298232     6.748368  1.489790
255  2.673967     0.114531     1.993353  1.503675
256  0.959209     0.208952     7.545782  0.886015
257  1.269987     0.066290     9.471666 -1.098284
258  1.210242     0.092455     0.726312 -2.647991
259  1.774766    -0.017467     3.027604  1.503675
260  1.269205     0.066616     7.545782 -0.835088
261  1.336158     0.037958     3.645375 -2.835323
262  1.448922    -0.008625     8.898954 -2.765139
263       NaN          NaN     0.959172  1.503675
264  0.736796     0.324623     7.545782  1.529139
265  1.361273     0.027429     5.846288 -2.645658
266  1.176395     0.107130     2.879927 -0.254839
267  1.282048     0.070314     4.395474  1.529139
268  1.406581     0.008632     7.545782 -1.718385
269  0.934800     0.220023     3.853537  1.121847
270  1.060597     0.159986     2.492528  0.086096
271  0.751368     0.316560     7.870524  1.529139
272  1.278697     0.062346     7.545782  0.042197
273  1.237660     0.080197     4.066911 -0.546259
274  1.376960     0.020702     9.985522 -1.523189
275       NaN          NaN     1.180937  1.529139
276  1.381598     0.018877     7.545782 -1.571611
277  1.339703     0.036308     7.977994 -1.832417
278  1.306724     0.050601     6.776681 -2.924887
279  1.495282     0.106777     2.347434  1.529139
280  1.446958    -0.007932     7.545782 -1.899695
281  1.133765     0.126514     7.056174  0.338685
282  1.281984     0.060830     7.935572  0.159441
283  0.753194     0.315403     7.019590  1.529139
284  1.454793     0.124249     7.545782  2.356557
285  1.034024     0.172217     2.132489  0.409772
286  1.066793     0.157250     1.530747 -0.329833
287  1.460104     0.099965     2.941396  1.529139
288  1.303150     0.051939     7.545782 -0.550427
289  1.262053     0.069499     7.021899 -0.085336
290  1.367497     0.024819     6.019865 -1.176553
291       NaN          NaN     0.877144  1.529139
292  0.965782     0.205572     7.545782  0.910812
293  2.356884    -0.059525     3.307017  2.841444
294  1.306698     0.050426     8.335408 -0.250954
295  0.726538     0.330688     8.636017  1.529139
296  0.808019     0.286225     8.636017  1.313207
297  0.744848     0.320814     9.740452  1.433247
298  1.237811     0.079779     1.762842  0.598799
299  2.082222     0.017517     4.312470  1.529139
300  1.405249     0.009160     8.636017 -2.390110
301  1.326068     0.042340     7.029528 -2.179506
302  1.469184     0.055074     4.387810  1.572369
303  0.767670     0.307979     9.989571  1.529139
304  1.370536     0.023569     8.636017 -2.711134
305  1.103976     0.139928     3.485269  0.156099
306  0.734724     0.325887     9.048249  1.651768
307  0.857068     0.259303     6.357604  1.651768
308  0.846124     0.266114     9.048249  1.255046
309  1.229836     0.083655     1.372974 -1.214290
310  1.313102     0.047719     2.539409 -2.138833
311  3.199616     0.074507     1.864136  1.651768
312  1.318187     0.045807     9.048249 -1.455765
313  1.170417     0.109645     4.154193  0.110706
314  1.177891     0.106460     3.649119 -0.114233
315  0.778057     0.301526     7.600008  1.651768
316  1.457626    -0.012141     9.048249 -2.933462
317       NaN          NaN     1.307452  2.693843
318  1.369704     0.023820     3.449942 -1.890900
319  0.948581     0.213389     6.282730  1.651768
320  1.375429     0.021450     9.048249 -1.767943
321  1.353900     0.030498     3.202920 -2.778851
322  1.001315     0.188431     7.348981  0.804635
323  1.463162     0.006105     1.965859  1.651768
324  0.734671     0.325830     9.048249  1.681610
325  1.367817     0.024699     4.641641 -2.208884
326  1.603943     0.016577     9.487121  2.972814
327  1.464062    -0.016499     1.349912  1.681610
328  0.714013     0.337404     9.048249  1.724079
329  1.206570     0.101704     5.990191  1.709853
330  1.393005     0.014190     9.600201 -1.585446
331  2.248514     0.098999     2.790969  1.724079
332  1.143830     0.121870     9.048249  0.587384
333  1.321783     0.044023     4.304399 -1.576030
334  2.279279     0.045740     1.852471  1.128697
335  0.744925     0.319868     8.673892  1.724079
336  1.147820     0.120186     9.048249  0.401696
337  1.286749     0.058886     7.536444 -0.630696
338  1.243462     0.077562     8.240462  0.224078
339  1.410700     0.005757     1.393849  1.724079
340  0.760068     0.311656     9.048249  1.707035
341  1.305059     0.050881     4.542002 -0.537914
342  1.046857     0.166674     6.451899  0.601977
343  0.797755     0.290659     7.791775  1.724079
344  0.918636     0.228530     9.048249  2.190949
345  1.182458     0.104314     1.608678  0.486711
346  1.410808     0.006900     8.172551 -2.250093
347  1.453818     0.055471     4.797505  1.724079
348  1.321028     0.044363     9.048249 -1.008328
349  1.444948    -0.007227     8.667190 -2.128687
350  1.301036     0.052694     7.929630 -0.477639
351  0.786281     0.296879     7.782863  1.724079
352  1.361451     0.027414     9.048249 -2.661214
353  1.352620     0.030955     5.665434 -2.603401
354  2.244028    -0.025340     3.007106  2.925043
355  0.736953     0.324240     8.441009  1.724079
356  1.743764     0.115440     9.048249  2.815315
357       NaN          NaN     0.602045  1.041343
358  1.297686     0.054237     1.508798 -2.330263
359  1.706339     0.031937     4.307688  1.724079
360  0.739571     0.323223     9.048249  1.616564
361       NaN          NaN     0.984043  2.813856
362  1.256649     0.071867     3.914514 -0.587561
363  1.484078     0.062167     4.541446  1.724079
364  1.340343     0.036144     9.048249 -0.232138
365  1.268814     0.066775     2.221257 -2.018276
366  2.403308    -0.035506     3.095927  2.606747
367  1.324767     0.062935     4.773997  1.724079
368  1.272191     0.065134     9.048249 -0.053566
369  1.089746     0.146554     7.674281  0.650356
370  1.190924     0.100951     1.041118 -1.847595
371  0.770977     0.305257     7.973093  1.724079
372  1.147254     0.120410     9.048249  0.507153
373  1.435794    -0.003493     4.889449 -2.156155
374  1.064625     0.158205     4.637896  0.412984
375  0.727352     0.329911     9.358686  1.724079
376  1.300783     0.052925     9.048249 -0.132101
377  1.361206     0.027260     6.408481 -2.735571
378  1.741319     0.034357     7.411753  2.640178
379       NaN          NaN     0.322217  1.724079
380  1.325246     0.042484     9.048249 -0.293819
381  1.366577     0.067213     8.460628  2.751579
382  1.350372     0.038484     1.023091  0.471999
383  1.346930     0.080885     4.934272  1.724079
384  1.085823     0.148302     9.048249  0.797091
385  1.401817     0.010744     9.244420 -2.688493
386  1.289838     0.057600     4.311367 -0.707426
387  1.256165     0.080435     5.323990  1.724079
388  1.393219     0.081298     9.048249  2.609754
389  1.560934     0.015684     7.518993  2.606974
390  1.212182     0.091604     0.650477 -1.585062
391  1.650481     0.029306     4.080793  1.724079
392  1.313084     0.047632     9.048249 -0.314203
393  1.406083     0.008745     6.173569 -1.146118
394  2.542253     0.065221     7.001701  2.876714
395  1.266925     0.079250     5.493634  1.724079
396  1.416820     0.004214     9.048249 -0.866825
397  1.395006     0.013457     9.797333 -2.422144
398  1.322184     0.043824     9.774603 -0.669363
399  0.876148     0.249505     6.905764  1.724079
400  0.790636     0.294400     9.048249  1.892473
401  1.312842     0.047886     6.477417 -1.585982
402  1.079221     0.151457     9.402101  0.776789
403  0.935901     0.219768     6.513784  1.724079
404  1.253972     0.072896     9.048249 -0.049823
405  1.434854    -0.004330     1.941729  2.339071
406  1.379626     0.019627     2.391371 -2.218432
407  0.763973     0.309405     9.426555  1.724079
408  1.255657     0.072163     9.048249  0.409533
409  1.354358     0.030254     2.819012 -2.834608
410  1.195749     0.098791     1.902327 -1.711557
411  1.823568     0.049518     4.176496  1.724079
412  1.370797     0.023322     9.048249 -0.515503
413  1.996432     0.066089     2.075746  1.200716
414  1.668284    -0.020399     0.968804  0.775247
415  0.740122     0.322361     8.073492  1.724079
416  0.807721     0.285113     9.048249  2.001818
417  0.954858     0.210775     5.891886  0.855488
418  0.720051     0.333968     9.844470  1.788558
419  0.785438     0.297349     8.024456  1.724079
420  1.319459     0.045088     9.048249 -1.525205
421  1.368343     0.024374     5.821603 -2.380757
422  1.100988     0.141193     2.339179  0.019099
423       NaN          NaN     0.682444  1.724079
424  1.404990     0.009342     9.048249 -1.383364
425  0.841732     0.267292     9.450773  2.023708
426  1.005394     0.186118     2.036490  0.213884
427  1.427819    -0.001375     1.936128  1.724079
428  1.283070     0.060289     9.048249  0.318663
429  1.223703     0.086159     1.230807  0.279714
430  1.210366     0.092217     4.113862 -0.442000
431       NaN          NaN     0.518515  1.724079
432  1.068427     0.156491     9.048249  0.812647
433  1.337513     0.037252     8.399630 -0.858835
434  1.431316    -0.001583     8.138180 -1.362376
435  3.128354     0.027645     1.861638  1.724079
436  1.270387     0.079869     9.048249  2.583467
437  0.906378     0.234839     4.159442  0.778740
438  1.082417     0.149909     1.811727 -0.297140
439  2.233550     0.042245     3.024234  1.724079
440  0.858842     0.258348     9.048249  2.034284
441  2.043473     0.094549     7.594122  2.788024
442  2.158356     0.080498     4.883142  2.677558
443  0.732476     0.326859     8.926741  1.724079
444  2.582368     0.033070     9.048249  2.612071
445  1.439225    -0.004884     5.416717 -2.174896
446  3.342966     0.069676     2.836216  2.699908
447  0.886386     0.244350     6.388378  1.724079
448  1.403809     0.009725     9.048249 -2.116333
449  1.411454     0.006479     6.152525 -1.640091
450  1.319747     0.054413     2.885062  1.250311
451  0.751992     0.316011     9.101835  1.724079
452  1.305929     0.050589     9.048249 -0.349698
453  1.387274     0.016561     3.770769 -2.757927
454  2.532403     0.000763     4.835081  2.838625
455  1.082586     0.152002     5.793955  1.724079
456  1.420481     0.002873     9.048249 -2.172616
457  1.322481     0.043682     9.760532 -1.329808
458  1.279822     0.061881     3.313155 -1.409674
459       NaN          NaN     0.950483  1.724079
460  1.381236     0.019164     9.048249 -1.798288
461  1.873204     0.067312     4.220729  2.312820
462  1.434454    -0.004202     1.542867  1.962508
463  0.801961     0.288416     7.798247  1.724079
464  1.309575     0.049000     9.048249 -0.026126
465  1.337490     0.037257     4.274707 -1.011877
466  1.337099     0.037457     6.530323 -1.517582
467       NaN          NaN     0.901493  1.724079
468  2.605087     0.031790     9.048249  2.546322
469  1.288692     0.073046     7.340077  2.208950
470  1.363323     0.123701     8.684229  2.689329
471  0.764196     0.309092     8.035852  1.724079
472  1.291624     0.076004     9.048249  2.481371
473  1.368488     0.024349     4.763133 -1.929428
474  1.351896     0.031274     5.716310 -1.251394
475       NaN          NaN     0.269555  1.724079
476  1.402516     0.010207     9.048249 -1.405976
477       NaN          NaN     0.141189  2.303930
478  1.241659     0.078542     1.577530 -1.995799
479  1.010914     0.183783     6.233190  1.724079
480  1.398443     0.011716     9.048249 -2.008379
481  1.288512     0.058207     9.915368 -1.284837
482  1.011964     0.183209     5.893578  1.678788
483       NaN          NaN     1.170482  1.724079
484  1.216019     0.107206     9.048249  2.447007
485       NaN          NaN     1.348521  1.893257
486  1.370648     0.151439     7.589041  2.400428
487  0.745609     0.319695     9.297609  1.724079
488  1.318383     0.045208     9.048249 -0.055194
489  1.376479     0.020942     2.358963 -1.743838
490  1.429785    -0.000789     8.082516 -1.587413
491       NaN          NaN     0.232579  1.724079
492  0.788615     0.296591     9.048249  1.409291
493  1.491023     0.010323     0.240386 -0.635317
494  2.066108     0.033166     6.124611  2.776639
495  2.633883     0.091619     2.464673  1.724079
496  1.720671     0.118613     9.048249  2.979781
497  1.067228     0.160656     8.259929  2.213778
498  1.514371     0.011624     1.609246  1.416313
499  0.790921     0.294498     8.184060  1.724079