error: 0.23 | highest correlation: nan
best global temp: 4.752947066604161 | best alpha: 0.9430316239595413 | best average temperature: 0.99
time scale: <class 'ising.Jij_sorted_ising'> | partial correlation: False

        error  correlation  global temp     alpha
0    0.594941     0.600727     4.228518  1.321947
1    1.406640     0.332499     3.288842  2.762276
2    2.090955    -0.019548     3.521288 -2.105277
3    1.734022    -0.027737     0.350892 -2.105277
4    1.532158    -0.007231     0.350892 -1.607976
5    0.604100     0.600005     4.228518  1.321947
6    0.599373     0.600062     4.228518  1.321947
7    0.598608     0.596225     4.228518  1.321947
8    1.323213     0.445732    10.000000  3.000000
9    1.306374     0.457432    10.000000  3.000000
10   1.313818     0.445963    10.000000  3.000000
11   1.092149     0.496269     7.430237  2.252844
12   1.092782     0.497061     7.430237  2.252844
13   1.071965     0.500932     7.430237  2.252844
14   0.695686     0.576737     4.953959  1.532868
15   0.724834     0.563863     4.953959  1.532868
16   0.701494     0.576622     4.953959  1.532868
17   0.641193     0.591190     4.638744  1.441220
18   0.658883     0.584291     4.638744  1.441220
19   0.642856     0.588952     4.638744  1.441220
20   0.618754     0.593662     4.455158  1.387842
21   0.637289     0.592766     4.455158  1.387842
22   0.633629     0.587040     4.455158  1.387842
23   0.620737     0.595981     4.355209  1.358782
24   0.622700     0.591794     4.355209  1.358782
25   0.620381     0.590786     4.355209  1.358782
26   0.601301     0.595256     4.277322  1.336137
27   0.597181     0.596912     4.277322  1.336137
28   0.598517     0.599185     4.277322  1.336137
29   0.591577     0.598881     4.239787  1.325223
30   0.579971     0.606013     4.239787  1.325223
31   0.590493     0.599475     4.239787  1.325223
32   0.579515     0.601652     4.230270  1.322456
33   0.595902     0.598371     4.230270  1.322456
34   0.588988     0.604007     4.230270  1.322456
35   0.578983     0.608087     4.229488  1.322229
36   0.594347     0.594185     4.229488  1.322229
37   0.620745     0.587207     4.229488  1.322229
38   0.599153     0.598629     4.229064  1.322106
39   0.585544     0.604656     4.229064  1.322106
40   0.595392     0.600837     4.229064  1.322106
41   0.593495     0.598920     4.228593  1.321969
42   0.593351     0.603358     4.228593  1.321969
43   0.587311     0.605574     4.228593  1.321969
44   0.595421     0.596841     4.228539  1.321953
45   0.587638     0.605303     4.228539  1.321953
46   0.592940     0.596090     4.228539  1.321953
47   0.589156     0.600775     4.228522  1.321948
48   0.591089     0.600947     4.228522  1.321948
49   0.603307     0.594920     4.228522  1.321948
50   0.590677     0.599646     4.228520  1.321948
51   0.597473     0.597199     4.228520  1.321948
52   0.597611     0.599648     4.228520  1.321948
53   0.587921     0.600133     4.228521  1.321948
54   0.589565     0.603734     4.228521  1.321948
55   0.599031     0.598474     4.228521  1.321948
56   0.594603     0.596470     4.228521  1.321947
57   0.596943     0.598878     4.228521  1.321947
58   0.589026     0.600495     4.228521  1.321947
59   0.602515     0.594288     4.228521  1.321948
60   0.580298     0.604602     4.228521  1.321948
61   0.583007     0.604746     4.228521  1.321948
62   0.594736     0.601004     4.228521  1.321948
63   0.607832     0.594951     4.228521  1.321948
64   0.580808     0.603502     4.228521  1.321948
65   0.599270     0.597959     4.228521  1.321948
66   0.597247     0.597830     4.228521  1.321948
67   0.575438     0.607592     4.228521  1.321948
68   0.597532     0.599630     4.228521  1.321948
69   0.609836     0.595041     4.228521  1.321948
70   0.595576     0.598257     4.228521  1.321948
71   0.577063     0.605432     4.228521  1.321948
72   0.572381     0.609065     4.228521  1.321948
73   0.608929     0.598349     4.228521  1.321948
74   0.588310     0.599631     4.228521  1.321948
75   0.584096     0.601451     4.228521  1.321948
76   0.627091     0.587135     4.228521  1.321948
77   0.588413     0.602673     4.228521  1.321948
78   0.595493     0.598862     4.228521  1.321948
79   0.595084     0.600626     4.228521  1.321948
80   0.583049     0.610608     4.228521  1.321948
81   0.585098     0.599546     4.228521  1.321948
82   0.569712     0.616684     4.228521  1.321948
83   0.595205     0.603992     4.228521  1.321948
84   0.595218     0.598396     4.228521  1.321948
85   0.598923     0.605560     4.228521  1.321948
86   0.571837     0.608196     4.228521  1.321948
87   0.592130     0.600191     4.228521  1.321948
88   0.598602     0.593736     4.228521  1.321948
89   0.584166     0.605507     4.228521  1.321948
90   0.600525     0.595730     4.228521  1.321948
91   0.602207     0.595979     4.228521  1.321948
92   0.603620     0.597430     4.228521  1.321948
93   0.571090     0.604277     4.228521  1.321948
94   0.609156     0.599618     4.228521  1.321948
95   0.590780     0.597648     4.228521  1.321948
96   0.585065     0.603659     4.228521  1.321948
97   0.597656     0.600076     4.228521  1.321948
98   0.577888     0.609891     4.228521  1.321948
99   0.610081     0.594240     4.228521  1.321948
100  0.582105     0.606371     4.228521  1.321948
101  0.576049     0.609796     4.228516  1.321948
102  0.586659     0.601483     4.228516  1.321948
103  0.590485     0.600299     4.228516  1.321948
104  0.575175     0.606966     4.228520  1.321948
105  0.581787     0.606571     4.228520  1.321948
106  0.606082     0.593728     4.228520  1.321948
107  0.597410     0.594827     4.228521  1.321948
108  0.582044     0.600510     4.228521  1.321948
109  0.586520     0.605274     4.228521  1.321948
110  0.588333     0.602538     4.228521  1.321948
111  0.611783     0.592521     4.228521  1.321948
112  0.591860     0.603305     4.228521  1.321948
113  0.596154     0.596349     4.228521  1.321948
114  0.600317     0.591313     4.228521  1.321948
115  0.585365     0.602165     4.228521  1.321948
116  0.591787     0.601527     4.228521  1.321948
117  0.592936     0.597458     4.228521  1.321948
118  0.585710     0.601882     4.228521  1.321948
119  0.589194     0.604791     4.228521  1.321948
120  0.587357     0.604773     4.228521  1.321948
121  0.598843     0.601287     4.228521  1.321948
122  0.593888     0.601287     4.228521  1.321948
123  0.594471     0.603186     4.228521  1.321948
124  0.585314     0.602600     4.228521  1.321948
125  0.577250     0.606001     4.228521  1.321948
126  0.587094     0.600475     4.228521  1.321948
127  0.595290     0.601881     4.228521  1.321948
128  0.589387     0.602134     4.228521  1.321948
129  0.583145     0.605991     4.228521  1.321948
130  0.571150     0.606076     4.228521  1.321948
131  0.573792     0.608222     4.228521  1.321948
132  0.602218     0.600530     4.228521  1.321948
133  0.595655     0.592253     4.228521  1.321948
134  0.600133     0.593907     4.228521  1.321948
135  0.588551     0.598025     4.228521  1.321948
136  0.616359     0.593254     4.228521  1.321948
137  0.587120     0.608715     4.228521  1.321948
138  0.593918     0.597572     4.228521  1.321948
139  0.580362     0.603524     4.228521  1.321948
140  0.573885     0.608195     4.228521  1.321948
141  0.594143     0.600963     4.228521  1.321948
142  0.602398     0.594851     4.228521  1.321948
143  0.581462     0.602606     4.228521  1.321948
144  0.575802     0.609364     4.228521  1.321948
145  0.595518     0.595828     4.228521  1.321948
146  0.606515     0.596340     4.228521  1.321948
147  0.589649     0.603838     4.228521  1.321948
148  0.599812     0.596697     4.228521  1.321948
149  0.591993     0.602278     4.228521  1.321948
150  0.594780     0.597718     4.228521  1.321948
151  0.599145     0.598038     4.228521  1.321948
152  0.598708     0.595351     4.228521  1.321948
153  0.586849     0.601663     4.228521  1.321948
154  0.585227     0.603754     4.228521  1.321948
155  0.595581     0.600044     4.228521  1.321948
156  0.581404     0.608724     4.228521  1.321948
157  0.578829     0.607220     4.228521  1.321948
158  0.965866     0.514500     7.256395  2.126444
159       NaN          NaN     0.865705  1.289076
160  1.634913     0.257541     2.419173  2.126444
161  2.051988    -0.009090     2.419173 -2.382975
162  1.231813     0.474449     8.424564  2.569715
163  1.720090    -0.039799     2.374763 -1.380086
164  1.930448    -0.018173     9.773317 -1.380086
165  2.121921    -0.027989     9.773317 -1.693701
166  0.548787     0.621894     3.449819  1.137191
167  1.638073    -0.042650     5.745157 -0.856537
168  1.634494    -0.057499     2.652117 -0.856537
169  2.137741    -0.028169     2.652117 -2.189308
170  0.565894     0.614651     3.449819  1.137191
171  0.546585     0.616645     3.449819  1.137191
172  0.552917     0.615378     3.449819  1.137191
173  1.324151     0.445288    10.000000  3.000000
174  1.323588     0.455855    10.000000  3.000000
175  1.273974     0.458191    10.000000  3.000000
176  0.990139     0.514403     6.382960  1.971348
177  0.971905     0.521473     6.382960  1.971348
178  0.975481     0.518704     6.382960  1.971348
179  0.627150     0.599612     4.076060  1.315288
180  0.638469     0.593723     4.076060  1.315288
181  0.624720     0.594649     4.076060  1.315288
182  0.612995     0.599222     3.710240  1.211253
183  0.585239     0.608008     3.710240  1.211253
184  0.572575     0.610348     3.710240  1.211253
185  0.573753     0.610723     3.492673  1.149378
186  0.552375     0.619886     3.492673  1.149378
187  0.583243     0.607626     3.492673  1.149378
188  0.570871     0.610767     3.459593  1.139971
189  0.569113     0.611708     3.459593  1.139971
190  0.545927     0.619170     3.459593  1.139971
191  0.546917     0.617970     3.452517  1.137959
192  0.547776     0.617481     3.452517  1.137959
193  0.573707     0.608943     3.452517  1.137959
194  0.567679     0.611081     3.450894  1.137497
195  0.563404     0.613181     3.450894  1.137497
196  0.572280     0.606176     3.450894  1.137497
197  0.556338     0.615777     3.450155  1.137287
198  0.546248     0.620195     3.450155  1.137287
199  0.561591     0.612165     3.450155  1.137287
200  0.539349     0.617851     3.449912  1.137218
201  0.548752     0.615996     3.449912  1.137218
202  0.551716     0.616983     3.449912  1.137218
203  0.571691     0.609010     3.449860  1.137203
204  0.563224     0.610196     3.449860  1.137203
205  0.544941     0.617248     3.449860  1.137203
206  0.558733     0.610603     3.449829  1.137194
207  0.555769     0.613572     3.449829  1.137194
208  0.551031     0.616314     3.449829  1.137194
209  0.558397     0.613950     3.449822  1.137192
210  0.566587     0.608993     3.449822  1.137192
211  0.558405     0.612800     3.449822  1.137192
212  0.558039     0.610908     3.449821  1.137192
213  0.556655     0.610966     3.449821  1.137192
214  0.541462     0.623761     3.449821  1.137192
215  0.540257     0.624682     3.449822  1.137192
216  0.563105     0.616971     3.449822  1.137192
217  0.554488     0.613122     3.449822  1.137192
218  0.549960     0.618797     3.449822  1.137192
219  0.567726     0.609297     3.449822  1.137192
220  0.538427     0.623593     3.449822  1.137192
221  0.567623     0.608470     3.449822  1.137192
222  0.569801     0.606553     3.449822  1.137192
223  0.543384     0.621226     3.449822  1.137192
224  0.553538     0.611074     3.449822  1.137192
225  0.544578     0.615559     3.449822  1.137192
226  0.551578     0.609259     3.449822  1.137192
227  0.563230     0.614492     3.449822  1.137192
228  0.543989     0.617952     3.449822  1.137192
229  0.552252     0.616553     3.449822  1.137192
230  2.102301     0.020397     5.260137 -2.189058
231  0.283614     0.650653     3.125604  0.856090
232  0.242415     0.656673     3.865358  0.856090
233  0.255209     0.642476     3.865358  0.718937
234  0.236594     0.660849     3.865358  0.856090
235  0.237126     0.660365     3.865358  0.856090
236  0.237798     0.660213     3.865358  0.856090
237  1.918892    -0.016298     0.100000 -3.000000
238  1.858310     0.011301     0.100000 -3.000000
239  1.848620     0.013043     0.100000 -3.000000
240  1.675376    -0.035567     1.673093 -1.389001
241  1.686689    -0.042415     1.673093 -1.389001
242  1.668032    -0.020177     1.673093 -1.389001
243  0.316978     0.596360     3.549248  0.532362
244  0.339156     0.578640     3.549248  0.532362
245  0.327775     0.587579     3.549248  0.532362
246  0.234717     0.662212     3.857492  0.848034
247  0.236882     0.660204     3.857492  0.848034
248  0.241230     0.656197     3.857492  0.848034
249  0.237334     0.660195     3.864733  0.855450
250  0.234952     0.662464     3.864733  0.855450
251  0.238195     0.659707     3.864733  0.855450
252  0.237558     0.660263     3.865058  0.855783
253  0.236366     0.661195     3.865058  0.855783
254  0.245677     0.653536     3.865058  0.855783
255  0.238549     0.659761     3.865330  0.856061
256  0.237955     0.659801     3.865330  0.856061
257  0.237748     0.659671     3.865330  0.856061
258  0.240529     0.657664     3.865345  0.856076
259  0.233024     0.664254     3.865345  0.856076
260  0.230270     0.666294     3.865345  0.856076
261  0.239951     0.658252     3.865350  0.856082
262  0.240949     0.657363     3.865350  0.856082
263  0.234192     0.662771     3.865350  0.856082
264  0.233618     0.663389     3.865354  0.856085
265  0.236983     0.660906     3.865354  0.856085
266  0.234114     0.663207     3.865354  0.856085
267  0.236855     0.660961     3.865352  0.856084
268  0.235090     0.662283     3.865352  0.856084
269  0.236993     0.660599     3.865352  0.856084
270  0.237073     0.660368     3.865353  0.856085
271  0.240962     0.657537     3.865353  0.856085
272  0.235539     0.662111     3.865353  0.856085
273  0.235860     0.661616     3.865353  0.856085
274  0.233669     0.663750     3.865353  0.856085
275  0.236373     0.660987     3.865353  0.856085
276  0.238372     0.659846     3.865354  0.856085
277  0.233525     0.663811     3.865354  0.856085
278  0.235570     0.662061     3.865354  0.856085
279  1.708834     0.432913     5.985220  2.368076
280  0.715878     0.409611     6.415985  2.774494
281  0.851360     0.381951     5.126412  2.774494
282  1.214491     0.091451     5.126412 -0.043488
283  1.838513    -0.019267     7.691804 -1.371002
284  1.825503    -0.030664     0.864462 -1.906394
285  1.826334    -0.053637     0.769882 -1.906394
286  1.569884    -0.030923     0.769882 -1.347639
287  0.829575     0.542454     7.110250  1.997680
288  0.969364     0.203648     2.298305 -0.137732
289  1.270594     0.067326     4.110311 -0.137732
290  1.023919     0.366437     4.110311  2.793866
291  0.280286     0.624510     4.688757  0.718574
292  2.936419     0.126682     1.330553  1.621752
293  0.257521     0.640244     3.321188  0.718574
294  2.217992    -0.027418     3.321188 -2.403194
295  0.339963     0.577109     2.226480  0.518681
296  1.466633    -0.005473     8.116654 -0.307904
297  1.531075    -0.026482     9.915599 -0.307904
298  2.490284    -0.014228     9.915599 -2.779450
299       NaN          NaN     0.163115  1.206289
300  0.685569     0.353551     2.844789  0.115030
301  1.189747     0.102515     9.221642  0.115030
302  0.326585     0.584587     9.221642  0.961798
303  1.622030    -0.033722     1.162977 -1.340577
304  1.713256    -0.035200     4.435041 -1.128469
305  1.759058    -0.071823     3.798286 -1.128469
306  2.125799    -0.031917     3.798286 -2.031317
307  2.286247     0.158189     1.919673  1.860575
308  0.964531     0.206433     5.285085  0.090750
309  1.089062     0.147521     7.423680  0.090750
310  1.326982     0.462116     7.423680  2.503256
311  0.901370     0.380216     5.011548  2.998412
312  1.299212     0.088146     0.273825 -1.160709
313  1.707130    -0.055366     2.991927 -1.160709
314  0.461147     0.492461     2.991927  0.318107
315  0.323968     0.590944     3.379461  0.510134
316  1.636643    -0.059096     5.252517 -0.690685
317  0.512201     0.460795     7.255260  0.510134
318  0.724743     0.332104     7.255260  0.331473
319  1.196352     0.099185     3.085399 -0.185286
320  0.553272     0.591054     7.785589  1.814904
321  1.929692     0.442765     3.784571  1.814904
322  0.615750     0.578463     7.785589  1.862939
323  1.328401     0.044566     8.402499 -0.003424
324  2.407666    -0.010051     8.079790 -2.493363
325  0.915839     0.230235     2.899631 -0.003424
326  1.530266    -0.030435     2.899631 -0.589804
327  0.559841     0.594151     9.830672  2.067297
328  2.084039     0.070779     4.170182 -2.816585
329  1.811884     0.436429     4.843007  2.067297
330  0.417411     0.522023     9.830672  0.756863
331  1.367401     0.028307     5.663832 -0.162271
332  0.349267     0.576786     2.130596  0.539017
333  1.257518     0.313448     1.414805  0.539017
334  0.843258     0.403794     2.130596  1.334421
335  1.826690    -0.052381     3.559604 -1.375341
336  0.513173     0.602871     9.494688  1.975697
337  0.717557     0.558839     7.825633  1.975697
338  0.466080     0.492196     7.825633  0.525299
339  0.515149     0.600470     7.797366  1.782647
340  1.367755     0.027669     7.649517 -0.026510
341  1.276276     0.510216     4.710808  1.782647
342  0.973808     0.510637     7.797366  2.189889
343  2.347674     0.010864     3.817375 -2.959972
344  0.239851     0.656195     5.200120  0.995060
345  1.860744     0.097808     1.006260  0.995060
346  1.865308    -0.032128     5.200120 -1.443927
347  1.956622    -0.022450     8.192752 -1.520970
348  2.373835    -0.010637     8.096452 -2.509163
349  0.242076     0.661433     4.620082  0.995060
350  1.588735    -0.051683     4.620082 -0.521228
351  2.613167    -0.009102     9.998712 -2.730329
352  0.902842     0.570316     3.790527  1.385090
353  0.329605     0.581549     9.451291  0.995060
354  0.993469     0.504386     9.451291  2.451331
355  1.943417    -0.015485     8.227072 -1.597451
356  1.072590     0.324617     1.339726  0.455139
357  0.303467     0.601891     8.446781  0.995060
358  1.634089    -0.043524     8.446781 -0.719373
359  1.627566    -0.064591     3.546061 -0.618852
360  0.618266     0.574114     9.511402  2.055563
361  1.690674     0.403025     3.854565  2.055563
362  0.540403     0.594542     9.511402  1.993225
363  0.471349     0.488384     8.292661  0.540966
364  1.476964    -0.011873     3.609963 -0.493444
365  0.373209     0.557201     4.940359  0.540966
366  2.239864    -0.012250     4.940359 -2.389745
367  0.345098     0.572175     9.171272  0.891764
368  0.355043     0.566863     8.520477  0.809126
369  0.304064     0.605935     6.883988  0.809126
370  0.461044     0.613592     6.883988  1.613198
371  1.453672    -0.002700     8.399205 -0.188997
372  0.269702     0.652956     3.130015  0.831368
373  0.317515     0.594830     7.521741  0.831368
374  2.288048    -0.018647     7.521741 -2.175852
375  1.453814     0.340895     2.923709  2.755720
376  1.360115     0.321815     3.645133  2.876631
377  0.307970     0.644365     2.856445  0.831368
378  1.215884     0.342769     2.856445  2.308021
379  0.657659     0.567280     9.615054  2.111431
380  1.902822    -0.029035     2.834601 -1.710235
381  0.254539     0.642411     4.614503  0.831368
382  2.062405    -0.015547     4.614503 -2.054082
383  0.814060     0.536567     8.313524  2.099184
384  1.908176    -0.009506     4.024093 -1.957128
385  0.255239     0.642885     5.108518  0.831368
386  1.566440    -0.046110     5.108518 -0.412980
387  0.271359     0.629074     8.528373  1.220981
388  1.837876     0.009570     2.902563 -1.879889
389  0.243074     0.652193     4.626017  0.831368
390  0.830658     0.380058     4.626017  2.446631
391  0.459308     0.615503     6.623128  1.586766
392  1.366433     0.475497     6.231472  2.258552
393  0.314258     0.596262     6.790645  0.831368
394  0.325117     0.589776     6.790645  0.779537
395  0.280335     0.623743     2.699004  0.646539
396  0.451735     0.500850     3.660339  0.360112
397  0.432913     0.513336     8.709004  0.646539
398  2.026355    -0.036773     2.699004 -1.913922
399  0.402052     0.626686     8.173613  1.692236
400  1.226461     0.089143     0.856354 -0.738752
401  0.386744     0.626922     8.467077  1.692236
402  0.449645     0.616071     8.467077  1.783409
403  1.771126    -0.020049     9.308337 -1.084833
404  1.286762     0.060541     5.540679 -0.036525
405  2.364959     0.335935     0.445723  1.783409
406  0.687207     0.563041     8.467077  2.024097
407  0.319019     0.597279     4.357717  0.571407
408  1.108209     0.361646     3.446261  2.907391
409  0.298821     0.605458     2.829432  0.571407
410  1.090822     0.333191     2.829432  2.074652
411  2.034062    -0.004463     0.779004 -2.774143
412  1.224702     0.087446     3.086034 -0.246829
413  0.475273     0.485119     9.705785  0.571407
414  1.679155    -0.059171     2.829432 -1.035428
415  1.327272     0.044280     2.462342 -0.382455
416  1.586826    -0.035166     3.312565 -0.873555
417  0.307179     0.601604     2.427917  0.571407
418  0.755310     0.388821     2.427917  1.549672
419  1.340693     0.479486     6.647495  2.273794
420  0.493134     0.624684     4.062873  1.233074
421  0.398320     0.539340     6.368692  0.571407
422  1.874830     0.241337     2.427917  2.629592
423  0.748610     0.317712     1.082702  0.727650
424  1.579652    -0.022298     1.737837 -1.207548
425  0.397900     0.568907     1.963255  0.571407
426  1.546738    -0.036730     2.427917 -0.632324
427  1.983299    -0.025979     5.716137 -1.854801
428  1.410164     0.013097     4.478569 -0.372700
429  0.383223     0.550435     6.110531  0.571407
430  1.110065     0.503863     6.110531  1.992780
431  0.563032     0.428452     7.224484  0.448134
432  2.116828    -0.034544     6.640944 -1.645442
433  1.624020     0.061587     0.546023  0.571407
434  2.025330    -0.033018     6.110531 -1.656695
435  0.968723     0.596308     3.067260  1.187422
436  0.839101     0.270083     3.944714  0.120052
437  0.356180     0.568723     4.752947  0.571407
438  1.791262    -0.064965     4.752947 -1.146234
439  1.794347    -0.009260     0.350791 -2.331520
440  2.488438     0.334257     0.323608  2.891822
441  0.460775     0.544310     1.883621  0.571407
442  0.233945     0.661297     4.752947  0.943032
443  0.236237     0.659469     4.752947  0.943032
444  0.229933     0.665135     4.752947  0.943032
445  0.236121     0.659728     4.752947  0.943032
446  1.348942     0.448732    10.000000  3.000000
447  1.321874     0.451735    10.000000  3.000000
448  1.314787     0.452821    10.000000  3.000000
449  0.880574     0.527778     7.742670  2.115073
450  0.885023     0.526148     7.742670  2.115073
451  0.875928     0.531333     7.742670  2.115073
452  0.396914     0.626929     5.970072  1.420173
453  0.390466     0.629927     5.970072  1.420173
454  0.398554     0.625994     5.970072  1.420173
455  0.246674     0.658229     5.019115  1.047376
456  0.246289     0.658905     5.019115  1.047376
457  0.244030     0.660085     5.019115  1.047376
458  0.237182     0.660185     4.832345  0.974158
459  0.240291     0.657611     4.832345  0.974158
460  0.239009     0.659191     4.832345  0.974158
461  0.236953     0.659680     4.787930  0.956746
462  0.238273     0.657902     4.787930  0.956746
463  0.236611     0.659566     4.787930  0.956746
464  0.237822     0.658329     4.765742  0.948048
465  0.236071     0.659862     4.765742  0.948048
466  0.236570     0.659806     4.765742  0.948048
467  0.232191     0.663257     4.756533  0.944437
468  0.230646     0.664575     4.756533  0.944437
469  0.240184     0.656374     4.756533  0.944437
470  0.237578     0.658248     4.754298  0.943561
471  0.233747     0.662090     4.754298  0.943561
472  0.236955     0.658989     4.754298  0.943561
473  0.236598     0.659213     4.753278  0.943162
474  0.237089     0.658749     4.753278  0.943162
475  0.236387     0.659442     4.753278  0.943162
476  0.232543     0.662308     4.753061  0.943076
477  0.239192     0.657027     4.753061  0.943076
478  0.234040     0.661327     4.753061  0.943076
479  0.237044     0.658891     4.753005  0.943054
480  0.239030     0.656671     4.753005  0.943054
481  0.237055     0.658453     4.753005  0.943054
482  0.234344     0.661164     4.752970  0.943040
483  0.229664     0.665224     4.752970  0.943040
484  0.238250     0.657590     4.752970  0.943040
485  0.235462     0.660083     4.752953  0.943034
486  0.231739     0.663170     4.752953  0.943034
487  0.235797     0.659913     4.752953  0.943034
488  0.235019     0.660804     4.752949  0.943032
489  0.229590     0.665397     4.752949  0.943032
490  0.237163     0.658753     4.752949  0.943032
491  0.233132     0.661962     4.752958  0.943032
492  0.236310     0.659365     4.752958  0.943032
493  0.233793     0.661370     4.752958  0.943032
494  0.236384     0.659278     4.752953  0.943032
495  0.235420     0.660488     4.752953  0.943032
496  0.234106     0.661505     4.752953  0.943032
497  0.236813     0.658889     4.752950  0.943032
498  0.237978     0.658083     4.752950  0.943032
499  0.233698     0.661942     4.752950  0.943032
500  0.230558     0.664682     4.752949  0.943032
501  0.238807     0.657214     4.752949  0.943032
502  0.234606     0.661392     4.752949  0.943032
503  0.246170     0.650910     4.752949  0.943032
504  0.243427     0.653115     4.752949  0.943032
505  0.235079     0.660721     4.752949  0.943032
506  0.234791     0.660576     4.752949  0.943032
507  0.232346     0.662802     4.752949  0.943032
508  0.241439     0.655081     4.752949  0.943032
509  0.236321     0.659354     4.752953  0.943030
510  0.237106     0.658774     4.752953  0.943030
511  0.236413     0.659022     4.752953  0.943030
512  0.238081     0.657984     4.752950  0.943031
513  0.234303     0.660887     4.752950  0.943031
514  0.235693     0.660219     4.752950  0.943031
515  0.235625     0.660190     4.752949  0.943032
516  0.235795     0.659863     4.752949  0.943032
517  0.232813     0.662645     4.752949  0.943032
518  0.240200     0.656035     4.752949  0.943032
519  0.238891     0.657192     4.752949  0.943032
520  0.236627     0.658911     4.752949  0.943032
521  0.237805     0.658347     4.752949  0.943032
522  0.234733     0.660691     4.752949  0.943032
523  0.238685     0.657059     4.752949  0.943032
524  0.233629     0.661803     4.752949  0.943032
525  0.234563     0.661112     4.752949  0.943032
526  0.236457     0.659073     4.752949  0.943032
527  0.234098     0.661465     4.752949  0.943032
528  0.236068     0.659457     4.752949  0.943032
529  0.238840     0.657328     4.752949  0.943032
530  0.235734     0.659926     4.752949  0.943032
531  0.232690     0.662218     4.752949  0.943032
532  0.235164     0.660601     4.752949  0.943032
533  0.239680     0.656614     4.752949  0.943032
534  0.236624     0.659435     4.752949  0.943032
535  0.235982     0.659358     4.752949  0.943032
536  0.238185     0.657930     4.752949  0.943032
537  0.238947     0.657189     4.752949  0.943032
538  0.237257     0.658573     4.752949  0.943032
539  0.237511     0.658175     4.752949  0.943032
540  0.233489     0.661924     4.752949  0.943032
541  0.240405     0.655597     4.752949  0.943032
542  0.237493     0.658573     4.752949  0.943032
543  0.232681     0.662571     4.752949  0.943032
544  0.236461     0.659199     4.752949  0.943032