error: 0.71 | highest correlation: nan
best global temp: 9.686369922462035 | best alpha: 1.6866988202673383 | best average temperature: 1.42
time scale: <class 'ising.random_ising'> | partial correlation: True

        error  correlation  global temp     alpha
0    1.843111     0.045915     8.956111  2.655556
1    1.327699     0.041559     2.735197 -2.929725
2    1.345870     0.033800     3.526539 -2.138383
3    1.281302     0.061479     2.128876 -2.138383
4    1.322790     0.043658     2.128876 -2.582221
5    1.748075     0.079022     8.879128  2.969335
6    1.240178     0.079383     0.649488 -2.760093
7    1.438249    -0.004308     5.120959 -2.760093
8    1.336172     0.037933     5.120959 -1.107194
9    1.379360     0.019990     3.671203 -1.956951
10   1.363210     0.026695     7.808864 -2.619290
11   1.395222     0.013106     4.622339 -2.619290
12   1.375094     0.021589     4.622339 -2.190316
13   1.293404     0.056077     6.663298 -0.975480
14        NaN          NaN     0.747006  1.091478
15   1.292570     0.056514     7.539805 -0.975480
16   1.404559     0.009275     7.539805 -1.853415
17   1.356460     0.029614     6.182521 -2.610699
18   0.920091     0.227518     8.007664  1.988243
19   1.618538     0.044630     4.944361  1.988243
20   1.228972     0.083809     4.944361 -0.103084
21        NaN          NaN     0.432719  2.870995
22   1.537848     0.050505     7.312551  2.986486
23   1.869564     0.117444     7.603679  2.986486
24   1.533490     0.041922     7.603679  2.558434
25   1.288611     0.058079     7.415090 -0.368959
26   0.727661     0.329637     9.849734  1.757829
27   0.881329     0.246856     7.231656  1.757829
28   1.294956     0.055421     7.231656 -0.750300
29   1.310790     0.078055     4.789056  1.607100
30   0.883499     0.246063     3.952384  1.052401
31   1.748577     0.020613     1.481133  1.052401
32   1.331692     0.039894     3.952384 -2.783922
33   1.131573     0.129388     6.516787  1.812199
34   1.206116     0.094369     0.446502 -2.281328
35   1.365042     0.025935     6.028527 -2.281328
36   1.225227     0.085756     6.028527 -0.387876
37   1.179758     0.105912     0.793983 -1.558290
38   1.356706     0.036469     3.635456  1.358429
39   0.787210     0.297503     9.512677  1.358429
40   0.760407     0.311205     9.512677  1.831586
41   1.186642     0.103022     0.637183 -0.788954
42   1.327993     0.041369     8.215570 -0.485181
43   1.333779     0.038805     4.318814 -0.485181
44   1.273780     0.064618     4.318814 -0.575535
45   1.267569     0.067245     2.105863 -1.738337
46   1.323877     0.042972     4.781228 -0.495329
47   1.375292     0.021379     6.125575 -0.495329
48   1.662167     0.019469     6.125575  2.419944
49   1.183437     0.104701     0.597636 -1.007445
50        NaN          NaN     1.087112  1.405404
51   1.459954     0.022852     0.240602 -1.007445
52        NaN          NaN     0.240602  2.767777
53   1.026394     0.176200     5.393350  0.646917
54   1.401606     0.010709     5.065999 -2.075886
55   1.451803    -0.009929     7.025608 -2.075886
56   1.390481     0.015390     7.025608 -2.338082
57   1.523815     0.087079     9.620789  2.933161
58   0.736886     0.324519     8.446665  1.627575
59   1.103961     0.141408     5.832887  1.627575
60   1.411629     0.006522     5.832887 -2.565300
61   1.220354     0.088036     0.764038 -2.409661
62   1.374464     0.021807     3.842905 -2.359030
63   1.239912     0.079241     2.970081 -2.359030
64   1.193355     0.099793     2.970081 -0.749788
65   1.288162     0.058374     2.208720 -1.757723
66   1.355935     0.029659     3.774101 -1.980278
67   1.327569     0.041628     2.088224 -1.980278
68   1.031546     0.173402     2.088224  0.430372
69   1.046517     0.166338     2.176786  0.361651
70   1.425809     0.000546     6.087908 -2.396952
71   1.287483     0.058612     1.838439 -2.396952
72   1.307071     0.050276     1.838439 -2.170574
73   1.353240     0.030806     8.125963 -0.468252
74   1.304733     0.051379     2.113765 -2.915874
75   1.313020     0.047726     2.639297 -2.915874
76   1.097507     0.142937     2.639297 -0.123100
77   1.005938     0.185930     7.959587  0.938534
78   1.163915     0.112645     1.478651  0.264355
79   1.116935     0.133775     3.525170  0.264355
80   1.345249     0.034028     3.525170 -2.879317
81   1.249179     0.154377     8.388730  2.574864
82   1.382819     0.018283     7.320144 -1.659814
83   1.346193     0.033820     3.069560 -1.659814
84   1.276996     0.063448     3.069560 -2.174359
85   0.723007     0.332830     9.262658  1.546447
86   1.351271     0.031620     7.139124 -1.443652
87   0.731745     0.327535     8.033307  1.546447
88   1.435712    -0.003344     8.033307 -2.925278
89   1.097789     0.142643     3.589265  0.233459
90   1.395368     0.013342     2.876782 -2.766487
91   1.230735     0.083138     7.755457  0.233459
92   1.352919     0.030696     7.755457 -0.489737
93   1.121322     0.132070     8.750098  0.693774
94   1.301523     0.052622     9.200967 -0.147899
95   1.324602     0.042717     7.571298 -0.147899
96   0.748995     0.317735     7.571298  1.575377
97        NaN          NaN     0.543220  1.378742
98   1.286646     0.059124     2.706156 -1.883398
99   1.524115     0.057872     3.783824  1.575377
100  1.354867     0.030028     7.571298 -2.454570
101  1.320054     0.044685     5.730722 -0.881426
102  1.196293     0.098454     7.118316 -0.076359
103  0.798526     0.290153     6.204872  1.575377
104  1.137178     0.124785     6.204872  0.395549
105  1.382869     0.018460     7.347006 -2.682489
106  1.360996     0.027546     6.690874 -1.649255
107  1.363674     0.063098     4.597488  1.575377
108  1.369888     0.023705     6.204872 -1.905178
109  0.898978     0.237916     5.760723  1.564696
110  1.246368     0.076278     9.151952  0.153668
111  1.382339     0.049005     3.137790  1.564696
112  1.375772     0.021237     5.760723 -1.157947
113  0.933278     0.221481     5.887280  0.886773
114  1.431698    -0.001950     7.146824 -2.824250
115  0.975520     0.200916     7.764098  0.886773
116  1.705670     0.016539     7.764098  2.910311
117       NaN          NaN     0.909213  2.017234
118  1.174155     0.111849     5.916314  1.739889
119  1.105770     0.141892     5.772840  1.739889
120  1.198968     0.097233     5.772840  0.169272
121  1.354933     0.029880     7.766551 -0.631473
122  1.406048     0.008889     9.624239 -1.999845
123  1.387210     0.016649     7.541105 -1.999845
124  1.410416     0.007008     7.541105 -2.451827
125  1.285257     0.070389     4.098872  1.434022
126  1.953494     0.015723     5.676457  2.263742
127  1.845815     0.003294     2.956438  1.434022
128  2.095652     0.014264     4.098872  2.809326
129  1.578848     0.099742     5.253639  2.346989
130  0.984516     0.196423     6.182240  0.795705
131  1.045600     0.167456     9.489163  0.795705
132  1.415580     0.004829     9.489163 -2.304619
133  0.895250     0.240439     4.171212  0.797581
134  1.149849     0.119033     1.338334 -0.333947
135  0.902366     0.236955     4.466340  0.797581
136  1.324378     0.042843     4.466340 -1.495615
137  1.278751     0.062523     9.449238 -0.997922
138  1.479275    -0.022766     2.205144  2.552034
139  1.332175     0.039782     1.813733  0.797581
140  1.589447     0.035088     4.466340  2.717573
141  0.733179     0.327065     9.277201  1.544023
142  2.127056     0.012468     1.917184  1.246805
143  0.724258     0.331890     8.243027  1.544023
144  2.081696     0.026140     8.243027  2.321281
145  1.483256     0.050739     4.811042  1.633400
146  1.307643     0.049986     6.794342 -1.230196
147  1.394531     0.039631     4.034727  1.544023
148  0.788236     0.295733     8.243027  1.815564
149  1.852743     0.053977     2.724298  2.470995
150  1.867258     0.077826     4.407048  2.682127
151  1.233250     0.095175     6.158773  1.815564
152  1.183517     0.103762     8.243027  0.559993
153  1.353104     0.030712     9.051503 -1.236527
154  2.303020     0.094321     5.051167  2.556963
155  3.478507     0.035445     2.006501  1.815564
156  1.359017     0.028138     8.243027 -0.857160
157  1.362846     0.026801     9.295842 -2.426432
158  1.193416     0.099437     6.505050  0.323025
159  0.881579     0.246761     7.409970  1.815564
160  1.752555     0.071829     7.409970  2.676123
161  1.377597     0.020496     4.867333 -1.811100
162  1.197853     0.097675     1.676339 -0.967428
163  1.586711     0.029577     3.351847  1.815564
164  1.293812     0.055905     7.409970 -1.158207
165  1.347130     0.033195     6.584585 -1.574329
166  1.246266     0.076402     3.531980 -0.629578
167  2.039000     0.092943     3.796201  1.815564
168  2.583548    -0.019402     7.409970  2.338981
169       NaN          NaN     0.610108  1.011408
170  1.349076     0.032523     6.961176 -2.448859
171  1.342953     0.041462     2.599296  1.815564
172  0.806892     0.286936     7.409970  1.162026
173  1.419062     0.003342     8.946018 -2.470591
174  1.337947     0.037241     4.930789 -0.625460
175  3.651973     0.046339     0.990495  1.162026
176  1.324207     0.043035     7.409970 -2.157376
177  0.799579     0.290110     4.991040  1.234043
178  1.383006     0.018250     5.499875 -0.740180
179  1.923760     0.017921     1.796041  1.234043
180  0.794154     0.293209     4.991040  1.161188
181  1.956261     0.021232     4.151108  2.730046
182  2.118543     0.062762     3.185855  1.651097
183  0.783797     0.298954     5.197758  1.161188
184  1.557749     0.046955     5.197758  1.965935
185  1.154812     0.117089     0.913676 -1.370079
186  1.174853     0.110034     3.955440  1.347709
187  1.313484     0.088615     2.322123  1.161188
188  1.421337     0.002461     5.197758 -1.425598
189  1.863436    -0.003009     1.966259  1.333224
190  1.142633     0.122386     4.817452  0.080758
191       NaN          NaN     0.461857  1.161188
192  1.280573     0.061500     5.197758 -0.640125
193  1.303046     0.052021     9.072430 -0.187534
194  1.261181     0.069824     2.579231 -1.247190
195  0.804431     0.288190     6.826371  1.161188
196  1.332890     0.039457     6.826371 -1.743154
197  1.340097     0.036186     7.616698 -0.908889
198  0.766961     0.308798     8.551436  1.265770
199  0.807935     0.286299     8.051547  1.265770
200  1.402078     0.010349     8.551436 -2.639629
201  1.169148     0.110503     3.714982 -0.275934
202  1.933115     0.035046     4.020555  1.673985
203  0.754972     0.314664     5.582744  1.265770
204  1.556416     0.123479     5.582744  2.082951
205  1.353748     0.030649     4.441492 -2.370957
206  1.093267     0.145040     1.016572 -0.594665
207  0.792598     0.293944     5.427603  1.265770
208  1.177478     0.106842     5.427603  0.071355
209  1.175616     0.107893     0.677259 -2.173258
210  2.094760     0.117013     7.934172  2.965717
211  0.771616     0.305933     7.360650  1.265770
212  1.236287     0.080701     7.360650  0.197210
213  1.314321     0.047058     3.976518 -1.132743
214  0.861079     0.257463     4.630010  1.236690
215  0.843087     0.266991     4.669240  1.265770
216  0.911039     0.231927     7.360650  1.812010
217  1.274106     0.064543     4.188743 -2.948426
218  1.185125     0.103027     1.973977  0.749549
219  0.820335     0.279686     8.823650  1.265770
220  0.960388     0.208001     7.360650  1.921571
221  0.765628     0.309273     5.755228  1.098396
222  1.279264     0.062238     8.579699 -1.032829
223  0.800017     0.290152     4.871069  1.098396
224  1.340772     0.036041     5.755228 -2.924388
225  1.072184     0.154421     4.809193  0.563797
226  1.393689     0.013783     5.766273 -1.727484
227  0.830217     0.274492     6.707729  1.098396
228  1.200778     0.096192     5.755228  0.048444
229  1.519602     0.015306     4.869746  1.774121
230  1.002790     0.187235     2.742830  0.410845
231       NaN          NaN     0.480314  1.098396
232  1.253414     0.073390     5.755228 -0.305880
233  1.397942     0.026915     2.037504  2.927506
234  1.325162     0.042861     6.477617 -2.903333
235  0.793197     0.294024     5.757842  1.098396
236  1.308391     0.049609     5.757842 -0.726832
237  1.271002     0.065717     4.666768 -0.865711
238  1.263961     0.068729     4.832517 -0.632441
239  0.904456     0.236064     8.053003  1.098396
240  1.820844     0.057516     5.757842  2.236736
241  1.455975    -0.013151     1.658175  2.123157
242  0.829045     0.274765     5.130182  1.049692
243  3.057879    -0.017694     1.364984  1.049692
244  1.365453     0.025424     5.130182 -1.144437
245  1.411725     0.006381     6.499825 -1.757364
246  0.971946     0.202267     4.841493  0.731847
247  0.832585     0.273352     6.629173  1.049692
248  1.409679     0.007287     6.629173 -1.794913
249  1.400293     0.011209     7.257408 -2.129341
250  1.340037     0.036411     3.792831 -2.856072
251  0.813390     0.283513     6.315845  1.049692
252  1.357974     0.028632     6.315845 -1.146515
253  2.149027     0.087964     6.222678  2.835406
254  1.828018     0.092931     5.582650  2.204791
255  0.865318     0.256440     7.887138  1.049692
256  1.286279     0.059186     6.315845 -0.547677
257  0.927445     0.224462     5.127844  0.792633
258  1.249125     0.075268     4.186341 -1.097123
259  0.935996     0.220621     9.692229  1.049692
260  1.354079     0.030325     6.315845 -0.922644
261  1.310380     0.048912     9.038171 -1.397836
262  1.376147     0.021158     3.050669 -2.339054
263  0.798892     0.291039     5.371112  1.049692
264  1.302510     0.052102     5.371112 -0.394741
265  1.163524     0.112884     8.655430  0.592193
266  1.309072     0.049437     6.027695 -1.327630
267  0.811604     0.283886     4.227881  1.049692
268  1.031157     0.173742     4.227881  0.515813
269  2.312535     0.075577     6.834556  2.303915
270  1.336344     0.037855     4.925347 -1.991016
271  1.153036     0.117326     2.730205  1.049692
272  2.360781     0.022665     4.227881  2.264950
273  1.362896     0.026725     8.057456 -2.044194
274  1.304124     0.051510     8.241075 -0.953473
275  0.823642     0.278140     6.524666  1.049692
276  1.461391    -0.013882     6.524666 -1.966698
277  1.343445     0.034874     5.937013 -1.197285
278  0.968992     0.203830     6.865127  0.901100
279  1.012183     0.182909     3.136970  1.049692
280  1.301578     0.052290     6.524666 -0.011897
281  1.241102     0.079015     1.265385  0.296462
282  2.226359    -0.013867     2.437096  2.463369
283  0.894905     0.241103     7.963430  1.049692
284  0.957862     0.209535     6.524666  0.824575
285  0.736851     0.324769     8.577223  1.577670
286       NaN          NaN     1.311772  2.074053
287  3.307751     0.100635     1.514462  1.577670
288  0.741429     0.321734     8.577223  1.733164
289  1.260853     0.070109     4.336524 -0.613193
290  1.103753     0.139957     8.417089  0.740168
291  1.809103     0.060518     5.130455  1.733164
292  0.984231     0.196562     8.577223  2.047290
293  1.435349    -0.003208     8.480883 -2.090417
294  1.295390     0.055299     5.129402 -1.225757
295  1.722798    -0.014636     2.727234  1.733164
296  1.200314     0.096546     8.577223  0.327917
297  0.952129     0.212146     4.538988  0.683663
298  1.360504     0.027781     7.737219 -1.642779
299  0.713550     0.337704     9.153022  1.733164
300  1.379820     0.019554     9.153022 -0.708253
301  1.402634     0.010092     5.611647 -2.872184
302  1.324062     0.043053     7.833449 -0.657873
303  1.547676     0.026072     2.830488  1.733164
304  1.156231     0.116174     9.153022  0.522217
305  0.776379     0.302789     5.346936  1.257815
306  1.104062     0.140193     0.796258 -0.564786
307  0.800728     0.289167     7.842089  1.733164
308  1.414973     0.005110     9.153022 -2.705308
309  0.776362     0.303137     6.107235  1.217904
310  1.462821     0.012201     0.126781 -1.669536
311  2.449929     0.093249     2.341101  1.733164
312  1.334334     0.038614     9.153022 -0.114412
313  1.359633     0.028046     3.407962 -2.585084
314  1.300470     0.053077     5.278526 -0.639270
315  0.768096     0.306730     7.671615  1.733164
316  1.191010     0.136802     9.153022  2.502598
317  1.095473     0.143850     7.995208  0.720064
318  1.065089     0.157914     2.243978  0.057152
319  0.760811     0.310861     8.158498  1.733164
320  1.323160     0.043239     9.153022 -0.370873
321  1.248170     0.075448     5.268661 -0.187847
322  1.220358     0.087737     1.814269 -1.209660
323  1.090537     0.151852     5.745763  1.733164
324  0.834687     0.270922     9.153022  1.983888
325  1.159814     0.114485     9.943047  0.675102
326  1.248735     0.075276     3.442921 -0.562826
327  1.474935    -0.020983     1.377011  1.733164
328  1.501181     0.076289     9.153022  2.925199
329  1.097878     0.142719     2.108849  0.648651
330  0.983177     0.196888     6.454763  1.732692
331  1.294030     0.083835     5.129278  1.733164
332  1.340643     0.134153     9.153022  2.999880
333  1.116677     0.162062     9.934950  2.752274
334  1.331451     0.039750     6.401021 -0.452772
335       NaN          NaN     0.838727  1.733164
336  1.380879     0.019202     9.153022 -2.589628
337  1.393145     0.014033     5.284306 -1.637978
338  1.480567     0.020506     0.608433  0.161725
339  0.753531     0.315149     9.065165  1.733164
340  1.338230     0.037013     9.153022 -0.816042
341  1.212806     0.090965     1.079089 -0.073766
342  0.887834     0.243582     5.979128  1.561086
343  3.158932     0.046037     2.278122  1.733164
344  0.717622     0.335735     9.153022  1.577208
345  1.200887     0.096314     7.861020  0.273995
346       NaN          NaN     0.592432  1.641385
347  1.686711     0.029986     3.983399  1.577208
348  1.369983     0.023635     9.153022 -2.903311
349  1.046063     0.169076     7.588218  2.033194
350  1.458647    -0.014135     2.752298  2.568544
351  3.152713     0.058685     1.778411  1.577208
352  1.414119     0.005435     9.153022 -2.199189
353  1.348212     0.032910     8.016925 -2.689083
354  1.379734     0.019726     7.447358 -2.660002
355  0.718957     0.335047     9.447453  1.577208
356  1.418753     0.003635     9.447453 -1.239346
357  1.111521     0.136607     1.603598  0.235692
358  1.190620     0.100927     2.319386 -0.954238
359  0.766855     0.307513     6.729299  1.577208
360  1.729298     0.049182     9.447453  2.938110
361  1.300952     0.052865     2.703716 -1.687570
362  1.624012     0.127890     4.520769  2.003534
363  1.064977     0.158944     5.265689  1.577208
364  1.395355     0.013150     9.447453 -0.976830
365  1.606913     0.023127     4.631250  1.943059
366  1.342364     0.074763     8.731485  2.552580
367       NaN          NaN     0.654064  1.577208
368  1.373328     0.022369     9.447453 -2.292975
369  1.365370     0.025568     5.302764 -1.839001
370  1.208599     0.092821     4.835526 -0.128734
371       NaN          NaN     1.292653  1.577208
372  1.154294     0.116791     9.447453  0.810628
373  0.730669     0.327950     9.432115  1.729599
374  1.013321     0.182642     7.665161  0.801571
375       NaN          NaN     0.592425  1.577208
376  1.348684     0.032734     9.447453 -1.651399
377  1.360450     0.027763     9.197284 -0.845021
378  1.198108     0.097628     1.551904 -0.942005
379  2.209224     0.041036     2.934850  1.577208
380  1.276341     0.063169     9.447453  0.413948
381  1.208011     0.092876     5.431626  0.259922
382  1.422912     0.001985     7.690496 -2.969483
383  2.058118     0.065161     2.919917  1.577208
384  3.078370     0.066347     9.447453  2.825312
385  0.723426     0.332315     8.220881  1.566362
386  3.144251    -0.049199     0.705917  0.852130
387  1.092900     0.147365     4.995717  1.566362
388  1.321297     0.044188     8.220881 -1.651685
389  1.376026     0.021215     3.487610 -2.168397
390  1.178677     0.106228     6.081143  0.171815
391  0.776490     0.302612     7.599452  1.566362
392  1.310232     0.048861     8.220881 -0.230933
393  1.954376    -0.029077     3.742625  1.852992
394  0.928278     0.224306     7.740568  0.956524
395  0.739695     0.322922     7.542207  1.566362
396  1.257206     0.071704     8.220881 -0.109807
397  2.297089     0.036867     2.481135  1.802537
398       NaN          NaN     1.028868  2.060413
399  0.859813     0.257903     6.128010  1.566362
400  1.353070     0.030818     8.220881 -1.022814
401       NaN          NaN     1.108538  1.940603
402  1.353045     0.039733     1.162905  0.497072
403  0.901152     0.236841     6.103640  1.566362
404  1.165013     0.112053     8.220881  0.596015
405  1.319761     0.044830     4.599816 -1.842058
406  0.962246     0.207268     8.422099  2.098385
407  0.770301     0.305925     7.626963  1.566362
408  1.359255     0.028085     8.220881 -0.798659
409  1.237975     0.079931     9.082232  0.436149
410  1.096713     0.143516     1.018755 -0.067396
411  2.299323     0.059047     2.660749  1.566362
412  0.942901     0.216788     8.220881  1.025938
413  1.216227     0.095139     6.082710  1.765084
414  1.392012     0.014549     9.313034 -2.171168
415  2.287077     0.091891     2.123997  1.566362
416  1.327761     0.041449     8.220881 -0.852311
417  1.347922     0.032884     6.636472 -0.706631
418  1.374508     0.021802     9.099966 -1.219431
419       NaN          NaN     1.060777  1.566362
420  1.361469     0.027421     8.220881 -2.600303
421  1.277945     0.062726     5.157586 -0.293780
422  0.811936     0.283981     4.838253  1.021138
423  0.785376     0.297496     6.807202  1.566362
424  1.327101     0.041706     8.220881 -0.758833
425  1.681824    -0.041073     3.529420  2.781206
426  1.102652     0.140519     2.594954 -0.078995
427  0.734996     0.325698     8.149978  1.566362
428  1.437129    -0.003865     8.220881 -2.554377
429  1.381308     0.019125     9.982930 -1.747950
430  1.148376     0.119837     5.337342  0.141817
431  1.089833     0.147274     4.842363  1.566362
432  1.396995     0.012607     8.220881 -2.693914
433  1.574313     0.039452     5.252889  2.166063
434       NaN          NaN     1.068523  1.466570
435       NaN          NaN     0.558670  1.566362
436  1.488146    -0.024640     8.220881 -2.268792
437  1.308591     0.049717     5.117917 -2.840698
438  1.211333     0.091744     8.927030  0.252840
439  2.051410     0.006584     2.669211  1.566362
440  0.726419     0.330129     8.220881  1.717886
441  1.359184     0.028240     6.848980 -1.000100
442  0.709435     0.340228     9.686370  1.686699
443  0.951175     0.212368     6.052469  1.686699
444  0.739959     0.323576     9.686370  1.431565
445  2.225477     0.029788     5.514946  2.479648
446  1.140358     0.123278     3.103862  0.020674
447  0.726454     0.330441     9.463016  1.686699
448  1.409687     0.007179     9.686370 -1.737507
449  1.055966     0.161686     2.477336  0.466116
450  0.756833     0.313228     9.894652  1.845186
451       NaN          NaN     1.056358  1.686699
452  1.208465     0.092857     9.686370  0.503810
453  1.265460     0.067885     5.717354  0.088538
454  1.313031     0.047884     3.336903 -2.342757
455  1.917855     0.080156     3.238584  1.686699
456  1.445405     0.082881     9.686370  2.905009
457  1.254160     0.073047     2.826410 -2.355256
458  1.223081     0.086514     2.589014 -1.130565
459  0.797650     0.290632     7.067501  1.686699
460  1.348697     0.032588     9.686370 -0.085468
461  1.258119     0.071588     0.911622 -2.634097
462  1.401627     0.010541     8.286067 -0.749620
463       NaN          NaN     1.078901  1.686699
464  1.353161     0.030717     9.686370 -1.506635
465  2.110813     0.009883     3.072813  1.741473
466  2.306749     0.094334     6.048647  2.533613
467       NaN          NaN     1.243988  1.686699
468  1.381856     0.018864     9.686370 -2.105947
469  1.313728     0.047342     4.285131 -2.428510
470  1.306313     0.050449     8.340400  0.005366
471  0.805909     0.286256     7.371953  1.686699
472  1.378877     0.019893     9.686370 -0.301883
473  2.826010     0.110107     2.355512  1.768494
474  1.213035     0.100134     6.093061  1.779128
475  0.983381     0.197252     6.146334  1.686699
476  0.731057     0.328080     9.686370  1.631785
477  1.269312     0.066428     3.605142 -1.071099
478  1.059130     0.160790     8.979220  0.841208
479  1.225206     0.097318     5.569115  1.686699
480  1.010270     0.184147     9.686370  0.935004
481  1.337460     0.037317     4.866769 -2.088781
482  1.257679     0.071402     7.675780 -0.638788
483  0.739761     0.322623     7.886626  1.686699
484  1.169838     0.110136     9.686370  0.582967
485  1.379887     0.019555     8.561502 -0.804151
486  0.758645     0.312062     8.908474  1.811697
487  0.758390     0.312581     9.003715  1.686699
488  1.338739     0.036971     9.686370 -1.348630
489  0.909442     0.232698     5.545093  1.540304
490  1.437351    -0.004230     7.258463 -2.391142
491  1.195061     0.108886     5.141839  1.686699
492  1.382449     0.018823     9.686370 -1.175659
493       NaN          NaN     1.127312  1.349368
494  0.784400     0.298896     7.807884  1.314245
495  1.212000     0.099856     5.068605  1.686699
496  1.365090     0.025798     9.686370 -1.891334
497       NaN          NaN     1.047042  2.245916
498  1.383197     0.018235     9.228197 -0.212884
499  0.792871     0.293371     7.461320  1.686699