error: 0.35 | highest correlation: nan
best global temp: 5.755445788060747 | best alpha: 0.9571090770659794 | best average temperature: 1.35
time scale: <class 'ising.Jij_sorted_ising'> | partial correlation: False

        error  correlation  global temp     alpha
0    1.395824     0.470430     4.228518  1.321947
1    2.657317     0.103207     3.288842  2.762276
2    2.086492    -0.005122     3.521288 -2.105277
3    2.039287    -0.052964     2.971673 -2.105277
4    0.836325     0.498522     2.971673  0.879673
5    0.863917     0.486872     2.971673  0.879673
6    0.903596     0.473041     2.971673  0.879673
7    0.855684     0.487694     2.971673  0.879673
8         NaN          NaN     0.100000  3.000000
9         NaN          NaN     0.100000  3.000000
10        NaN          NaN     0.100000  3.000000
11   1.214800     0.118451     6.361410  0.069410
12   1.728388    -0.046049     9.870720 -0.767958
13   1.670666    -0.041542     5.033497 -0.767958
14   0.388506     0.573085     5.033497  0.682841
15   0.390726     0.571531     5.033497  0.682841
16   0.387438     0.574030     5.033497  0.682841
17   0.404733     0.560836     5.033497  0.682841
18   2.704168    -0.026756    10.000000 -3.000000
19   2.605066    -0.028294    10.000000 -3.000000
20   2.624432    -0.023297    10.000000 -3.000000
21   1.901122    -0.030328     7.894119 -1.438413
22   1.850347    -0.007424     7.894119 -1.438413
23   1.932244    -0.021923     7.894119 -1.438413
24   0.484090     0.508448     5.247544  0.524117
25   0.478598     0.512219     5.247544  0.524117
26   0.478003     0.512385     5.247544  0.524117
27   0.423341     0.548521     5.102341  0.631790
28   0.423957     0.548351     5.102341  0.631790
29   0.419126     0.551842     5.102341  0.631790
30   0.419174     0.550758     5.059758  0.663367
31   0.396555     0.567692     5.059759  0.663367
32   0.405813     0.560903     5.059758  0.663367
33   0.397124     0.567010     5.039205  0.678608
34   0.411112     0.556410     5.039205  0.678608
35   0.405513     0.560488     5.039205  0.678608
36   0.401151     0.563738     5.035978  0.681001
37   0.394709     0.568497     5.035978  0.681001
38   0.401986     0.563174     5.035978  0.681001
39   0.406580     0.559561     5.034141  0.682363
40   0.402952     0.562361     5.034141  0.682363
41   0.380858     0.579137     5.034141  0.682363
42   0.407199     0.559098     5.033824  0.682598
43   0.392500     0.570231     5.033824  0.682598
44   0.398332     0.565898     5.033824  0.682598
45   0.405559     0.560595     5.033579  0.682780
46   0.391453     0.570921     5.033579  0.682780
47   0.409900     0.557063     5.033579  0.682780
48   0.396933     0.566818     5.033513  0.682829
49   0.401161     0.563717     5.033513  0.682829
50   0.402420     0.562699     5.033513  0.682829
51   0.382951     0.577278     5.033502  0.682837
52   0.411724     0.555791     5.033502  0.682837
53   0.387907     0.573566     5.033502  0.682837
54   0.417601     0.551549     5.033499  0.682839
55   0.401792     0.563110     5.033499  0.682839
56   0.408226     0.558522     5.033499  0.682839
57   0.400954     0.563727     5.033501  0.682838
58   0.381189     0.578667     5.033501  0.682838
59   0.398746     0.565605     5.033501  0.682838
60   0.398038     0.566064     5.033502  0.682837
61   0.412619     0.555477     5.033502  0.682837
62   0.396742     0.566759     5.033502  0.682837
63   0.390105     0.571959     5.033502  0.682837
64   0.389208     0.572638     5.033502  0.682837
65   0.413385     0.554483     5.033502  0.682837
66   0.400372     0.564024     5.033502  0.682837
67   0.387821     0.573588     5.033502  0.682837
68   0.399415     0.564934     5.033502  0.682837
69   2.116401     0.217926     2.215454  0.910066
70   2.024628    -0.027076     3.914535 -1.996813
71   1.903498    -0.029029     1.413089 -1.996813
72   2.391406     0.040282     1.413089  0.538232
73   1.677442    -0.052400     8.732695 -0.448897
74   0.738017     0.386803     4.703403  2.203109
75   3.841866    -0.024154     1.610363  2.203109
76   1.403179     0.125412     1.610363  0.299404
77   1.893076    -0.021750     0.447512 -2.662397
78   2.302901     0.234554     9.607759  2.491479
79   3.423030     0.081020     5.323779  2.491479
80   2.268375    -0.004141     5.323779 -2.415058
81   0.618574     0.441140     8.469608  2.752975
82   0.714669     0.393917     5.663191  2.346558
83   1.243775     0.251225     4.373618  2.346558
84   1.609863    -0.036081     4.373618 -0.471424
85   1.994579    -0.009352     6.939010 -1.798938
86   1.609387    -0.004512     0.111668 -2.334330
87   2.470880    -0.026202     9.917088 -2.334330
88   2.239353    -0.022285     9.917088 -1.775575
89   0.822942     0.526492     6.357456  1.569744
90   1.383525     0.048361     1.545511 -0.565668
91   1.624647    -0.041826     3.357517 -0.565668
92   1.922723     0.172669     3.357517  2.365930
93   1.711610    -0.062575     7.726279 -0.603503
94   1.777054    -0.045397     4.135970 -1.187269
95   1.707562    -0.033684     3.604016 -1.187269
96   0.665667     0.418003     3.604016  1.690963
97   0.419052     0.547338     9.484096  0.959293
98   1.065078     0.186115     8.899300  0.264516
99   0.901104     0.269397     1.979636  0.264516
100  1.636614     0.140955     1.979636  0.574054
101  2.345307    -0.012471     5.879523 -2.578430
102  0.948491     0.242162     8.708712  0.316050
103  0.724908     0.360728     5.185565  0.316050
104  2.160532    -0.041270     5.185565 -2.041046
105  0.802752     0.529075     7.026900  1.656579
106  1.016057     0.582755     3.136127  1.009511
107  0.816399     0.309461     1.931981  1.009511
108  3.677831     0.015257     1.931981  2.581607
109  1.282124     0.090022     6.327468  0.007757
110  2.299225    -0.026541     2.624757 -2.921772
111  2.429006    -0.026134     2.955703 -2.921772
112  1.869969    -0.035019     2.955703 -1.683177
113  1.691704    -0.051304     9.179123 -0.559757
114       NaN          NaN     0.753526  1.340833
115  1.617643    -0.040361     3.396583 -0.559757
116  1.993145    -0.035087     3.396583 -2.007882
117  1.787193    -0.054836     8.601270 -0.979964
118  0.502463     0.511724     3.093298  0.721643
119  2.398035     0.076533     1.892479  0.721643
120  1.223190     0.114668     3.093298 -0.142994
121  1.028557     0.292376     6.840254  2.870355
122  0.480703     0.510276     8.297276  0.645838
123  0.463261     0.519513     3.259660  0.645838
124  0.827068     0.590568     3.259660  1.003739
125  2.730388     0.170228     9.366877  2.709198
126  1.137488     0.152695     2.574912 -0.179351
127  1.510483     0.000991     8.297326 -0.179351
128  2.606201    -0.033455     8.297326 -2.756272
129  1.592547    -0.030418     5.446599 -0.330078
130  2.013721     0.003001     7.776311 -1.988047
131  1.598691    -0.030323     6.862716 -0.330078
132  1.641899    -0.041460     6.862716 -0.454977
133  0.804595     0.363394     7.855139  2.929816
134  0.452384     0.549159     3.336005  0.792245
135  0.419464     0.550161     7.901175  0.792245
136  0.395414     0.563761     7.901175  0.990205
137  1.463224     0.017637     9.448996 -0.082797
138       NaN          NaN     0.588883  1.619927
139  0.366693     0.586098     6.255444  0.990205
140  0.381040     0.576896     6.255444  0.826112
141  0.362827     0.588746     6.255444  0.990205
142  0.367610     0.585019     6.255444  0.990205
143  0.369869     0.583249     6.255444  0.990205
144  1.811299    -0.004160     0.100000 -3.000000
145  1.804160    -0.002194     0.100000 -3.000000
146  1.928516    -0.019719     0.100000 -3.000000
147  0.387735     0.572938     5.899166  0.759251
148  0.385462     0.574573     5.899166  0.759251
149  0.390974     0.570513     5.899166  0.759251
150  0.370296     0.583218     6.135581  0.912504
151  0.359778     0.591221     6.135581  0.912504
152  0.370128     0.583256     6.135581  0.912504
153  0.356722     0.593161     6.194557  0.950735
154  0.369492     0.583472     6.194557  0.950735
155  0.375008     0.579401     6.194557  0.950735
156  0.360017     0.590755     6.247733  0.985205
157  0.360491     0.590376     6.247733  0.985205
158  0.353781     0.595979     6.247733  0.985205
159  0.362113     0.589578     6.252355  0.988202
160  0.361705     0.589616     6.252355  0.988202
161  0.372709     0.581647     6.252355  0.988202
162  0.370138     0.583215     6.254703  0.989724
163  0.357562     0.592672     6.254703  0.989724
164  0.364038     0.587778     6.254703  0.989724
165  0.364367     0.587509     6.255050  0.989949
166  0.349514     0.599213     6.255050  0.989949
167  0.358430     0.591857     6.255050  0.989949
168  0.363750     0.588075     6.255232  0.990067
169  0.361562     0.589933     6.255232  0.990067
170  0.361274     0.589717     6.255232  0.990067
171  0.369524     0.583467     6.255358  0.990149
172  0.364331     0.587666     6.255358  0.990149
173  0.366720     0.585585     6.255358  0.990149
174  0.367379     0.585316     6.255404  0.990179
175  0.366116     0.586227     6.255404  0.990179
176  0.372059     0.581415     6.255404  0.990179
177  0.359946     0.591158     6.255432  0.990197
178  0.349656     0.598691     6.255432  0.990197
179  0.354294     0.595209     6.255432  0.990197
180  0.362817     0.588577     6.255438  0.990200
181  0.361973     0.589192     6.255438  0.990200
182  0.362283     0.589063     6.255438  0.990200
183  0.367429     0.585060     6.255442  0.990203
184  0.354663     0.594948     6.255442  0.990203
185  0.365268     0.587004     6.255442  0.990203
186  0.370918     0.582634     6.255443  0.990204
187  0.360684     0.590276     6.255443  0.990204
188  0.366411     0.585915     6.255443  0.990204
189  0.362463     0.588819     6.255444  0.990204
190  0.361640     0.589507     6.255444  0.990204
191  0.376807     0.578051     6.255444  0.990204
192  0.357552     0.592751     6.255444  0.990204
193  0.360032     0.590995     6.255444  0.990204
194  0.358833     0.592064     6.255444  0.990204
195  0.357216     0.592899     6.255444  0.990204
196  0.358635     0.592347     6.255444  0.990204
197  0.365367     0.586768     6.255444  0.990204
198  0.363058     0.588953     6.255444  0.990204
199  0.358929     0.591872     6.255444  0.990204
200  0.366768     0.585370     6.255444  0.990204
201  0.374173     0.580104     6.255444  0.990204
202  0.358889     0.591896     6.255444  0.990204
203  0.366901     0.585448     6.255444  0.990204
204  0.374832     0.579324     6.255444  0.990204
205  0.371552     0.581929     6.255444  0.990204
206  0.365833     0.586544     6.255444  0.990204
207  0.373289     0.580566     6.255444  0.990204
208  0.374747     0.579496     6.255444  0.990204
209  0.354549     0.595375     6.255444  0.990204
210  0.365340     0.586855     6.255444  0.990204
211  0.369323     0.583844     6.255444  0.990204
212  0.362628     0.588864     6.255444  0.990204
213  0.359900     0.591079     6.255444  0.990204
214  0.365601     0.586189     6.255444  0.990204
215  0.372859     0.581116     6.255444  0.990204
216  2.486702     0.119384     3.278043  2.484326
217  2.633842     0.163090     6.553189  2.612849
218  1.045439     0.194753     1.647059  0.990204
219  1.431453     0.419355     6.255444  1.722647
220  1.470282     0.014668     8.460290 -0.103437
221  2.355211     0.122851     2.275453  1.840344
222  0.375139     0.578736     6.826975  0.990204
223  1.515339    -0.001919     6.826975 -0.240769
224  0.407824     0.555147     9.067794  1.213634
225  2.125805    -0.028158     4.751764 -2.097449
226  0.947076     0.244366     2.064126  1.213634
227  1.649164    -0.044406     9.067794 -0.415840
228  1.657769    -0.054138     3.725514 -0.515715
229  1.593229    -0.025694     8.179489 -0.401633
230  3.195900     0.162229     2.273687  1.213634
231  0.402675     0.558838     9.067794  0.984080
232  3.134250     0.139098     4.916999  2.013980
233  1.665955    -0.039832     6.548136 -0.805754
234  0.398637     0.561400     7.843575  0.984080
235  2.089593    -0.046563     7.843575 -1.608431
236  1.734291    -0.063316     3.733439 -0.912287
237  1.511345    -0.002681     2.425187 -0.430170
238  1.195650     0.544408     2.942856  0.984080
239  2.029697    -0.040032     7.843575 -1.606422
240       NaN          NaN     0.404122  2.101051
241  1.921694     0.128984     2.230737  1.561372
242  0.597270     0.598977     3.496879  0.984080
243  2.067828    -0.030372     3.496879 -2.055267
244  0.423317     0.591371     5.935717  1.265303
245  2.830720     0.158311     8.742445  2.689182
246  1.124745     0.518167     4.244277  1.265303
247  3.085284     0.128803     5.935717  2.357142
248  0.349259     0.599967     5.755446  0.957109
249  0.993063     0.220605     6.587639  0.187230
250  0.359167     0.591310     6.567167  0.957109
251  0.486644     0.573952     6.567167  1.403136
252  0.362358     0.589757     5.755446  0.957109
253  0.359284     0.592045     5.755446  0.957109
254  0.354736     0.595620     5.755446  0.957109
255  2.620551     0.168719    10.000000  3.000000
256  2.895876     0.142296    10.000000  3.000000
257  2.567432     0.177168    10.000000  3.000000
258  0.353854     0.596478     5.810859  0.983779
259  0.362213     0.590168     5.810859  0.983779
260  0.357253     0.593887     5.810859  0.983779
261  0.371835     0.582743     5.784438  0.971063
262  0.364231     0.588251     5.784438  0.971063
263  0.350456     0.598870     5.784438  0.971063
264  0.370811     0.583752     5.759104  0.958870
265  0.353958     0.595856     5.759104  0.958870
266  0.352004     0.597677     5.759104  0.958870
267  0.358676     0.592422     5.755802  0.957281
268  0.356815     0.593605     5.755802  0.957281
269  0.360464     0.591317     5.755802  0.957281
270  0.355725     0.594448     5.755556  0.957162
271  0.359427     0.591593     5.755556  0.957162
272  0.353027     0.596999     5.755556  0.957162
273  0.346387     0.601892     5.755489  0.957130
274  0.362379     0.589403     5.755489  0.957130
275  0.353291     0.596529     5.755489  0.957130
276  0.364235     0.588166     5.755470  0.957121
277  0.354006     0.596059     5.755470  0.957121
278  0.360924     0.590345     5.755470  0.957121
279  0.352247     0.597309     5.755450  0.957111
280  0.358819     0.592361     5.755450  0.957111
281  0.362778     0.589141     5.755450  0.957111
282  0.363124     0.589206     5.755447  0.957110
283  0.365092     0.587514     5.755447  0.957110
284  0.351636     0.597684     5.755447  0.957110
285  0.355601     0.594515     5.755449  0.957110
286  0.372226     0.582109     5.755449  0.957110
287  0.350038     0.598896     5.755449  0.957111
288  0.346591     0.601583     5.755450  0.957111
289  0.353973     0.596062     5.755450  0.957111
290  0.356984     0.593772     5.755450  0.957111
291  0.349271     0.599722     5.755449  0.957111
292  0.351680     0.597954     5.755449  0.957111
293  0.357957     0.592959     5.755449  0.957111
294  0.363958     0.588400     5.755450  0.957111
295  0.355104     0.595063     5.755450  0.957111
296  0.357629     0.593279     5.755450  0.957111
297  2.384770    -0.003474     6.127374 -2.669252
298  1.789220    -0.024964     9.013326 -1.138708
299  0.993838     0.220211     1.591519  0.957109
300  2.102004    -0.016893     6.567167 -2.019499
301  3.691449    -0.005989     1.584459  2.066288
302  1.585129    -0.025382     2.672318 -0.684282
303       NaN          NaN     0.315657  0.957109
304  0.698660     0.551242     6.567167  1.558853
305  2.362310    -0.005947     7.877910 -2.618066
306  0.362022     0.590067     6.062672  0.995280
307  0.406634     0.555584     8.994159  0.995280
308  2.127375    -0.039682     8.994159 -1.793217
309  1.262074     0.097823     2.037454 -0.325284
310  0.401095     0.559007     9.230030  1.115134
311  0.573084     0.609028     4.138097  1.115134
312  1.913592    -0.047154     4.138097 -1.596123
313  2.674063     0.099307     2.633224  2.414469
314  2.816983     0.150770     9.090209  2.843657
315  0.405291     0.555671     9.992567  1.115134
316  2.256724     0.005690     9.992567 -2.642140
317  0.841539     0.343975     5.690276  2.474595
318  0.368063     0.598140     3.896614  0.855013
319  3.070572     0.086809     1.963616  0.855013
320  2.339900     0.008368     3.896614 -2.959567
321  1.997867    -0.018794     3.915168 -1.933929
322  1.757757    -0.064891     5.429060 -0.818970
323  2.854530     0.021853     0.662825  0.855013
324  0.717017     0.389830     3.896614  1.838054
325  0.969394     0.229998     1.841550 -0.068023
326  0.966210     0.319326     6.353033  2.772697
327  0.355855     0.599735     4.222923  0.855013
328  1.980044    -0.032093     4.222923 -1.742936
329  2.784931     0.121390     2.625914  2.541697
330  1.369538     0.053979     1.563264 -0.554346
331  0.354693     0.597319     4.566003  0.855013
332  2.182546     0.044152     4.566003 -2.809002
333  0.412976     0.550305     9.069201  1.125630
334  2.168684    -0.003686     7.018773 -2.219920
335  0.402100     0.558093     9.325802  1.125630
336  0.926842     0.253198     9.325802  0.307394
337  1.818076    -0.014509     6.079974 -1.415155
338  0.354479     0.598846     4.513529  0.882413
339  0.534928     0.560981     3.319765  0.882413
340  1.306069     0.079349     4.513529 -0.080764
341  2.668543     0.178513     9.879226  2.773411
342  2.120913     0.002756     7.826301 -2.017099
343  1.259187     0.407682     2.768476  0.882413
344  2.129145    -0.027579     4.513529 -1.999297
345  1.663052    -0.042172     4.369056 -0.794486
346  2.372384    -0.022759     5.982072 -2.507031
347  0.426504     0.582105     3.646439  0.882413
348  2.061494    -0.007980     3.646439 -2.129202
349  1.916145    -0.017694     8.213979 -1.529367
350  1.337194     0.066757     5.697091 -0.061694
351  0.392942     0.567287     7.329053  0.882413
352  2.129656    -0.026844     7.329053 -1.900425
353  2.311611     0.271391     5.466216  1.778139
354  0.442513     0.534307     8.846128  0.782930
355  0.385182     0.574731     6.344653  0.782930
356  2.374111    -0.020430     6.344653 -2.776873
357  0.911725     0.263276     1.936057  0.235748
358  1.948678    -0.047014     8.925949 -1.390511
359  0.509308     0.527089     3.143015  0.782930
360  1.078226     0.486594     6.344653  1.645540
361  0.930479     0.330445     6.353494  2.881438
362  2.361901    -0.011237     8.595219 -2.663553
363  0.444419     0.551007     3.355337  0.782930
364  0.856554     0.289302     6.344653  0.253592
365  1.753412    -0.046973     9.559531 -0.899835
366  2.298984    -0.029690     7.271657 -2.358934
367  0.932891     0.252095     1.357321  0.782930
368  1.177017     0.461388     6.344653  1.660949
369  3.023818     0.147788     5.796898  2.222055
370  2.576793     0.228702     5.222272  1.794505
371  1.058587     0.362527     2.671688  0.782930
372  0.383697     0.574057     6.344653  0.865353
373  1.890085    -0.029062     6.748318 -1.320610
374  1.160194     0.263697     6.398987  2.830697
375  0.414774     0.552191     8.574256  0.865353
376  2.456018    -0.019273     8.574256 -2.551095
377  1.583208    -0.029653     4.652616 -0.302431
378  2.114428    -0.052617     1.194616 -2.655414
379  1.030327     0.438107     2.833157  0.865353
380  1.373083     0.402082     8.574256  2.027750
381  1.097706     0.315607     5.669968  2.948537
382  0.946157     0.241808     2.102579 -0.060164
383  1.208515     0.403306     2.734529  0.865353
384  2.167604    -0.046600     8.574256 -1.749068
385  2.160872    -0.043673     6.733744 -1.901260
386  0.998160     0.218124     6.475451  0.181093
387  0.428561     0.542356     9.058573  0.865353
388  1.644598    -0.037900     9.058573 -0.501301
389  2.916351     0.111251     1.980691  2.484845
390  0.397323     0.567148     8.215472  1.259326
391  1.052328     0.203286     2.135508  1.259326
392  1.877385    -0.038296     8.215472 -1.302803
393  1.730018    -0.050670     4.134096 -1.036977
394  1.615931    -0.038370     4.083878 -0.539155
395  0.790348     0.568372     4.539938  1.259326
396  2.105296     0.003066     8.215472 -1.817210
397  2.365625     0.007158     5.222450 -2.738908
398  2.083358    -0.008099     2.742002 -2.368601
399  0.406718     0.557645     9.122273  1.259326
400  1.692785     0.338655     9.122273  2.204268
401  2.142016    -0.014593     0.983777 -2.993631
402  1.689874    -0.051677     5.954301 -0.666324
403  0.806877     0.561426     4.534975  1.259326
404  2.341439    -0.001481     9.122273 -2.699978
405  0.990642     0.325367     4.649992  2.434263
406  1.961891    -0.009356     5.691123 -1.817846
407  0.955397     0.240881     2.285098  1.259326
408  2.225486     0.209749     9.122273  2.944831
409  1.005463     0.214428     3.415438  0.010367
410  2.259101    -0.003681     3.497863 -2.722675
411  1.074074     0.531505     4.237458  1.259326
412  0.715741     0.365548     9.122273  0.452347
413  0.473187     0.513268     4.066169  0.531808
414  0.593891     0.434672     3.145145  0.354386
415  0.780368     0.329257     2.469766  1.259326
416  1.756768    -0.024709     9.122273 -1.088553
417  2.349436    -0.021323     8.694284 -2.406764
418  2.097750    -0.013224     4.788507 -2.016327
419  0.396840     0.586441     6.520725  1.259326
420  2.599812     0.210612     6.520725  2.115821
421  1.924742    -0.017652     4.272540 -1.675687
422  1.796933     0.174922     4.960741  2.828580
423  1.781418     0.416204     3.706999  1.259326
424  2.484670     0.229625     6.520725  2.077957
425  1.876129    -0.027158     4.074434 -1.472377
426  1.571962    -0.020636     6.847543 -0.368126
427  3.459952     0.101927     2.113371  1.259326
428  0.609282     0.428191     6.520725  0.495674
429  2.470188    -0.023474     7.746322 -2.905414
430  2.134490    -0.036071     7.137630 -2.015919
431  2.501408     0.279231     3.177468  1.259326
432  1.493520     0.004455     6.520725 -0.113681
433  1.818997     0.154513     2.700293  1.853587
434  3.396886     0.071556     1.635533  2.254824
435  0.962302     0.550761     4.304199  1.259326
436  2.062105     0.299001     6.520725  1.925039
437  2.337148     0.007292     6.600742 -2.785875
438  1.926964     0.171881     3.876292  2.414224
439       NaN          NaN     0.341122  1.259326
440  2.666872     0.198314     6.520725  2.126008
441  0.578141     0.447704     7.353720  0.510548
442       NaN          NaN     1.012668  2.781440
443  0.409640     0.555426     9.209411  1.259326
444  2.296876    -0.012228     9.209411 -2.488740
445  0.715547     0.529361     9.791089  1.944770
446  0.949902     0.295508     3.688748  1.894392
447  0.714839     0.562131     4.702114  1.259326
448  1.351131     0.061393     9.209411  0.087160
449  0.894635     0.268063     2.487494  0.030360
450  1.859003    -0.042653     6.594826 -1.269499
451  0.405551     0.583908     6.399780  1.259326
452  0.392484     0.569274     6.399780  0.778411
453  2.055737    -0.020787     9.488776 -1.622897
454  1.705992    -0.055073     7.649292 -0.682006
455  1.709030     0.030485     0.784418  0.778411
456  2.952817     0.150047     6.399780  2.290685
457  1.652075    -0.046618     4.446824 -0.601253
458  1.111037     0.468054     6.892811  1.737191
459       NaN          NaN     0.237150  0.778411
460  2.273856     0.010054     6.399780 -2.772430
461  2.247096    -0.013970     5.790041 -2.573045
462  2.354047     0.252948     5.973458  1.892892
463  0.376327     0.580292     5.114761  0.778411
464  0.705102     0.400284     5.114761  2.259807
465  1.835913     0.153905     1.905006  1.403237
466  0.608614     0.428805     8.467262  0.503204
467  0.390302     0.570906     6.247039  0.778411
468  1.035875     0.200065     6.247039  0.149755
469  0.910496     0.261228     3.724836  0.119545
470  1.858379    -0.045243     0.693968 -2.182395
471  0.425943     0.545879     8.212986  0.778411
472  1.838176     0.341879     6.247039  1.809863
473       NaN          NaN     0.861715  1.363821
474  1.835164    -0.050342     7.000646 -1.161209
475  0.398041     0.565195     6.443298  0.778411
476  2.074929    -0.038426     6.443298 -1.710541
477  1.372387     0.055738     0.938228 -0.771325
478  1.563429    -0.018250     6.880356 -0.318923
479  0.433926     0.555198     3.378379  0.778411
480  2.163426     0.283976     6.443298  1.930489
481  1.651749    -0.028244     1.073571 -1.279685
482  1.795827    -0.060342     2.947273 -1.291041
483  0.426629     0.544697     7.085831  0.778411
484  1.961759    -0.036469     6.443298 -1.474275
485  1.100444     0.275337     6.735456  2.857408
486  3.099254     0.086109     2.335054  2.657345
487  0.403527     0.561583     6.666272  0.778411
488  1.895947    -0.015961     6.666272 -1.559978
489  1.040866     0.197556     6.194088  0.185624
490  2.112160    -0.044505     2.524355 -2.238491
491  1.950873    -0.006176     0.760878  0.778411
492  2.519183    -0.005519     6.666272 -2.972409
493  2.144800    -0.001723     6.309231 -2.074931
494  0.745630     0.530833     8.546699  1.823970
495  0.411342     0.556203     7.493736  0.778411
496  0.467053     0.575036     7.493736  1.488854
497  1.814241     0.262960     0.266648  1.194733
498  0.970064     0.232777     2.142535  1.223621
499       NaN          NaN     0.101304  0.778411