error: 0.50 | highest correlation: nan
best global temp: 7.177016060228059 | best alpha: 0.8645792085753783 | best average temperature: 2.03
time scale: <class 'ising.Jij_sorted_ising'> | partial correlation: False

        error  correlation  global temp     alpha
0    2.752342     0.156366     4.228518  1.321947
1    3.060290     0.071880     3.288842  2.762276
2    1.892948     0.007805     3.521288 -2.105277
3    2.035818    -0.022256     2.971673 -2.105277
4    1.839540    -0.040316     2.971673 -1.607976
5    1.794676    -0.046514     2.971673 -1.607976
6    1.741017    -0.016599     2.971673 -1.607976
7    1.855448    -0.036476     2.971673 -1.607976
8    2.534760    -0.027863    10.000000 -3.000000
9    2.615558    -0.035889    10.000000 -3.000000
10   2.614704    -0.027604    10.000000 -3.000000
11   1.967926    -0.039725     4.221447 -1.855505
12   1.797259     0.009154     4.221447 -1.855505
13   1.932566    -0.022589     4.221447 -1.855505
14   1.831839    -0.034231     3.136002 -1.640522
15   1.849776    -0.038291     3.136002 -1.640522
16   1.848642    -0.053650     3.136002 -1.640522
17   1.837706    -0.034651     3.032828 -1.620088
18   1.835273    -0.050083     3.032828 -1.620088
19   1.768785    -0.018848     3.032828 -1.620088
20   1.797737    -0.032858     2.993865 -1.612371
21   1.862556    -0.065951     2.993865 -1.612371
22   1.825211    -0.022667     2.993865 -1.612371
23   1.807221    -0.026973     2.982489 -1.610118
24   1.827142    -0.040088     2.982489 -1.610118
25   1.822565    -0.034883     2.982489 -1.610118
26   1.848303    -0.033034     2.975766 -1.608786
27   1.824078    -0.026259     2.975766 -1.608786
28   1.908820    -0.047338     2.975766 -1.608786
29   1.863836    -0.049186     2.972719 -1.608183
30   1.849801    -0.038106     2.972719 -1.608183
31   1.886554    -0.044485     2.972719 -1.608183
32   1.854079    -0.051692     2.971976 -1.608036
33   1.890102    -0.062695     2.971976 -1.608036
34   1.817803    -0.025574     2.971976 -1.608036
35   1.855313    -0.054852     2.971809 -1.608003
36   1.842453    -0.046009     2.971809 -1.608003
37   1.849725    -0.033456     2.971809 -1.608003
38   1.818212    -0.028345     2.971715 -1.607984
39   1.871081    -0.044176     2.971715 -1.607984
40   1.707470    -0.003468     2.971715 -1.607984
41   1.840151    -0.030528     2.971694 -1.607980
42   1.867198    -0.038530     2.971694 -1.607980
43   1.787598    -0.037309     2.971694 -1.607980
44   1.856347    -0.052128     2.971682 -1.607977
45   1.871977    -0.050239     2.971682 -1.607977
46   1.809387    -0.026547     2.971682 -1.607977
47   1.892993    -0.055718     2.971677 -1.607976
48   1.875576    -0.061621     2.971677 -1.607976
49   1.866520    -0.042118     2.971677 -1.607976
50   1.886938    -0.063003     2.971674 -1.607976
51   1.905156    -0.048349     2.971674 -1.607976
52   1.828380    -0.038762     2.971674 -1.607976
53   1.809651    -0.030050     2.971673 -1.607976
54   1.794121    -0.032334     2.971673 -1.607976
55   1.887296    -0.037609     2.971673 -1.607976
56   1.877589    -0.057505     2.971673 -1.607976
57   1.899443    -0.053053     2.971673 -1.607976
58   1.772689    -0.017853     2.971673 -1.607976
59   1.875997    -0.047980     2.971673 -1.607976
60   1.827753    -0.051647     2.971673 -1.607976
61   1.923733    -0.067719     2.971673 -1.607976
62   1.926611    -0.043026     2.971673 -1.607976
63   1.757753    -0.023188     2.971673 -1.607976
64   1.782509    -0.024609     2.971673 -1.607976
65   1.856020    -0.034275     2.971673 -1.607976
66   1.851582    -0.047441     2.971673 -1.607976
67   1.893073    -0.054238     2.971673 -1.607976
68   2.168579     0.203625     9.877176  2.126444
69   1.486352     0.008240     6.367867 -0.182866
70   1.556032    -0.018691     7.156039 -0.182866
71   2.576208     0.170722     7.156039  1.879911
72   1.488849     0.006555     6.367867 -0.182866
73   1.479478     0.010870     6.367867 -0.182866
74   1.498102     0.003124     6.367867 -0.182866
75   2.595723    -0.010949    10.000000 -3.000000
76   2.606454    -0.015702    10.000000 -3.000000
77   2.578089    -0.016867    10.000000 -3.000000
78   1.799026    -0.046022     7.690628 -1.208818
79   1.885014    -0.057914     7.690628 -1.208818
80   1.778107    -0.028055     7.690628 -1.208818
81   1.702577    -0.053838     7.120982 -0.766993
82   1.694958    -0.042840     7.120982 -0.766993
83   1.704869    -0.047855     7.120982 -0.766993
84   1.528391    -0.005784     6.558875 -0.331015
85   1.576083    -0.024117     6.558875 -0.331015
86   1.550276    -0.013647     6.558875 -0.331015
87   1.625768    -0.044016     6.470102 -0.262161
88   1.590197    -0.030996     6.470102 -0.262161
89   1.580004    -0.027092     6.470102 -0.262161
90   1.519754    -0.004472     6.401867 -0.209237
91   1.501747     0.002261     6.401867 -0.209237
92   1.502715     0.001492     6.401867 -0.209237
93   1.493403     0.005529     6.377689 -0.190484
94   1.484153     0.009967     6.377689 -0.190484
95   1.448266     0.022852     6.377689 -0.190484
96   1.436285     0.028251     6.373036 -0.186876
97   1.503970     0.000764     6.373036 -0.186876
98   1.502469     0.002042     6.373036 -0.186876
99   1.557348    -0.019520     6.370441 -0.184863
100  1.493527     0.004926     6.370441 -0.184863
101  1.533811    -0.010279     6.370441 -0.184863
102  1.522365    -0.006494     6.368184 -0.183112
103  1.458768     0.018798     6.368184 -0.183112
104  1.459084     0.018650     6.368184 -0.183112
105  1.458995     0.018603     6.367937 -0.182920
106  1.531465    -0.009551     6.367937 -0.182920
107  1.544856    -0.014657     6.367937 -0.182920
108  1.462667     0.017374     6.367895 -0.182888
109  1.557074    -0.019730     6.367895 -0.182888
110  1.515884    -0.003608     6.367895 -0.182888
111  1.501275     0.002983     6.367882 -0.182878
112  1.519394    -0.004909     6.367882 -0.182878
113  1.569637    -0.023975     6.367882 -0.182878
114  1.515972    -0.003660     6.367869 -0.182868
115  1.423757     0.033139     6.367869 -0.182868
116  1.421139     0.034028     6.367869 -0.182868
117  1.486620     0.007950     6.367867 -0.182866
118  1.533310    -0.010554     6.367867 -0.182866
119  1.527893    -0.008231     6.367867 -0.182866
120  1.495260     0.004668     6.367867 -0.182866
121  1.534553    -0.011104     6.367867 -0.182866
122  1.391120     0.046336     6.367867 -0.182866
123  1.568081    -0.023799     6.367867 -0.182866
124  1.543320    -0.014521     6.367867 -0.182866
125  1.475512     0.011863     6.367867 -0.182866
126  1.436757     0.027308     6.367867 -0.182866
127  1.467100     0.015346     6.367867 -0.182866
128  1.461425     0.017448     6.367867 -0.182866
129  1.525272    -0.007314     6.367867 -0.182866
130  1.498526     0.003171     6.367867 -0.182866
131  1.511950    -0.002214     6.367867 -0.182866
132  1.541615    -0.013569     6.367867 -0.182866
133  1.532556    -0.010213     6.367867 -0.182866
134  1.436080     0.027687     6.367867 -0.182866
135  1.448989     0.022740     6.367867 -0.182866
136  1.497718     0.003707     6.367867 -0.182866
137  1.500615     0.002133     6.367867 -0.182866
138  1.485038     0.008423     6.367867 -0.182866
139  1.512185    -0.002204     6.367867 -0.182866
140  1.417074     0.035341     6.367867 -0.182866
141  1.475372     0.012094     6.367867 -0.182866
142  1.491596     0.005850     6.367867 -0.182866
143  1.482926     0.009192     6.367867 -0.182866
144  1.441292     0.025779     6.367867 -0.182866
145  1.538057    -0.012008     6.367867 -0.182866
146  1.535548    -0.011593     6.367867 -0.182866
147  1.511497     0.286589     8.969960  1.819227
148  3.192754     0.067939     2.328252  2.341206
149  3.074149     0.099283     6.042875  2.341206
150  1.957345    -0.029634     6.042875 -1.960241
151  0.829117     0.337284     8.648436  2.745320
152  1.966903     0.112649     5.966592  2.811463
153  2.191326     0.116484     5.642720  2.811463
154  0.515849     0.486300     5.642720  0.907758
155  0.524067     0.481066     5.642720  0.907758
156  0.515108     0.486347     5.642720  0.907758
157  0.515002     0.486891     5.642720  0.907758
158  3.033593     0.102811    10.000000  3.000000
159  0.952021     0.296590    10.000000  3.000000
160  2.967468     0.104313    10.000000  3.000000
161  2.727827     0.147582     8.182175  2.127132
162  2.677846     0.152593     8.182175  2.127132
163  2.713625     0.150236     8.182175  2.127132
164  0.534561     0.481978     5.871268  1.017501
165  0.517786     0.493210     5.871268  1.017501
166  0.532911     0.483270     5.871268  1.017501
167  0.513257     0.488666     5.685561  0.928329
168  0.516604     0.485913     5.685561  0.928329
169  0.517298     0.486032     5.685561  0.928329
170  0.515354     0.487115     5.660005  0.916058
171  0.539646     0.471013     5.660005  0.916058
172  0.499078     0.497422     5.660005  0.916058
173  0.512423     0.488418     5.651582  0.912014
174  0.519799     0.483837     5.651582  0.912014
175  0.503093     0.494663     5.651582  0.912014
176  0.519395     0.483756     5.646005  0.909336
177  0.513515     0.487760     5.646005  0.909336
178  0.510080     0.489951     5.646005  0.909336
179  0.516454     0.486362     5.643479  0.908123
180  0.516636     0.485834     5.643479  0.908123
181  0.518407     0.484941     5.643479  0.908123
182  0.503021     0.494847     5.642983  0.907885
183  0.502301     0.495506     5.642983  0.907885
184  0.524685     0.480540     5.642983  0.907885
185  0.504471     0.493694     5.642841  0.907817
186  0.505597     0.492933     5.642841  0.907817
187  0.504903     0.492893     5.642841  0.907817
188  0.513161     0.488078     5.642762  0.907779
189  0.518454     0.484427     5.642762  0.907779
190  0.520993     0.482274     5.642762  0.907779
191  0.529347     0.477276     5.642739  0.907768
192  0.494969     0.500261     5.642739  0.907768
193  0.515095     0.486670     5.642739  0.907768
194  0.516349     0.486011     5.642722  0.907759
195  0.512779     0.488272     5.642722  0.907759
196  0.511460     0.488987     5.642722  0.907759
197  0.499715     0.497248     5.642723  0.907761
198  0.514420     0.487302     5.642723  0.907761
199  0.506170     0.492578     5.642723  0.907761
200  0.523359     0.481286     5.642722  0.907760
201  0.513340     0.488048     5.642722  0.907760
202  0.512108     0.488543     5.642722  0.907760
203  0.514660     0.487002     5.642723  0.907760
204  0.518918     0.484009     5.642723  0.907760
205  0.513710     0.487049     5.642723  0.907760
206  0.523284     0.481461     5.642722  0.907760
207  0.521583     0.482697     5.642722  0.907760
208  0.512990     0.488262     5.642722  0.907760
209  0.506025     0.492575     5.642723  0.907760
210  0.512589     0.488020     5.642723  0.907760
211  0.518786     0.484182     5.642723  0.907760
212  0.508621     0.491179     5.642713  0.907762
213  0.512017     0.488369     5.642713  0.907762
214  0.502430     0.494732     5.642713  0.907762
215  0.517661     0.485101     5.642721  0.907761
216  0.518159     0.484650     5.642721  0.907761
217  0.508317     0.491492     5.642721  0.907761
218  0.504316     0.493609     5.642722  0.907760
219  0.517463     0.485242     5.642722  0.907760
220  0.510109     0.489674     5.642722  0.907760
221  0.512212     0.488641     5.642722  0.907760
222  0.508939     0.490667     5.642722  0.907760
223  0.526702     0.479305     5.642722  0.907760
224  0.511623     0.488967     5.642722  0.907760
225  0.514127     0.487402     5.642722  0.907760
226  0.512956     0.488296     5.642722  0.907760
227  0.506301     0.492734     5.642722  0.907760
228  0.500757     0.495950     5.642722  0.907760
229  0.521474     0.482228     5.642722  0.907760
230  0.515295     0.486646     5.642722  0.907760
231  0.512943     0.488202     5.642722  0.907760
232  0.522030     0.482944     5.642722  0.907760
233  1.868587     0.029177     4.479871 -2.054041
234  2.225171     0.009131     3.740118 -2.900165
235  2.270455     0.014094     9.356138 -2.900165
236  2.003047     0.007583     9.356138 -1.806702
237  2.112052    -0.021405     2.601967 -2.638669
238  1.547365    -0.014567     5.175685 -0.364951
239  1.512913     0.000257     6.237418 -0.364951
240  2.098385    -0.006004     6.237418 -2.333899
241  0.875289     0.280688     2.310092  1.009130
242  0.652146     0.401211     5.382750  0.473738
243  0.655110     0.399613     5.288170  0.473738
244  0.573583     0.484382     5.288170  1.032493
245  1.763916    -0.037493     1.728538 -1.622188
246  1.630344    -0.032323     9.002899 -0.567428
247  1.657282     0.005172     0.914905 -0.567428
248       NaN          NaN     0.914905  2.364169
249  1.986073     0.133329     5.283667  2.463139
250  2.104229    -0.011647     1.925463 -2.633682
251  1.828368     0.005096     0.557894 -2.633682
252  1.642617     0.001806     0.557894  0.244549
253  1.646529    -0.045634     6.437973 -0.487121
254  1.771755    -0.053433     2.428146 -1.313706
255  1.832837    -0.055520     4.227092 -1.313706
256  1.897832     0.128113     4.227092  2.214747
257  0.927182     0.252136     4.374608  0.200486
258  0.952751     0.242734     1.545419  0.671297
259  0.616875     0.421449     8.788323  0.671297
260  1.038521     0.277211     8.788323  2.849510
261  2.848031     0.116510     6.185947  2.171837
262  2.071026    -0.000933     1.898056 -2.632309
263  2.145148     0.001016     2.195208 -2.632309
264  1.980523     0.000815     2.195208 -2.271339
265  1.544901    -0.012271     1.587100 -0.820561
266  1.747607    -0.056569     5.614055 -1.089615
267  1.797078    -0.040701     7.752649 -1.089615
268  0.653067     0.435801     7.752649  1.322891
269  2.074003    -0.007135     4.857938 -2.286043
270  2.032660     0.045344     0.120214 -0.445163
271  1.418461     0.033531     2.018661 -0.445163
272  3.409679     0.059898     2.018661  2.795230
273  1.824196    -0.031757     5.662162 -1.446348
274  2.350554    -0.012001     7.535218 -2.647168
275  2.089405    -0.034766     1.511016 -2.647168
276  1.421415     0.036233     1.511016 -0.465133
277  1.947385     0.146570     5.257973  2.548217
278  1.969344    -0.029042     4.441214 -1.764701
279  1.986008    -0.038072     9.141403 -1.764701
280  2.749832     0.141373     9.141403  2.334282
281  3.161264     0.115040     3.917029  1.349534
282  1.969027    -0.013215     1.578580 -2.528052
283  1.927730    -0.006218     1.488641 -2.528052
284  3.484008     0.068548     1.488641  1.935401
285  0.915740     0.258388     9.228445  0.355631
286  1.679922    -0.042548     1.658158 -1.302338
287  1.581676     0.007525     0.744563  0.355631
288  1.153835     0.145185     9.228445  0.230732
289  1.665118     0.008496     0.320868 -2.384475
290  2.345342    -0.010033     8.045832 -2.581728
291  2.081506    -0.003378     2.711001 -2.581728
292  2.048991    -0.008093     2.711001 -2.383768
293  2.364253     0.114100     4.258823  2.543230
294  2.427023     0.002813     6.846532 -2.827048
295  2.297259     0.017849     5.200802 -2.827048
296  2.251474     0.006816     5.200802 -2.991141
297  3.862641    -0.007407     1.045752  1.484357
298  1.902099    -0.019172     5.172535 -1.733793
299  1.945316    -0.025069     5.524980 -1.733793
300  1.588436     0.182686     5.524980  2.457050
301  1.744985    -0.051117     9.794231 -0.823647
302  1.824594    -0.017258     0.900590 -2.116716
303  2.114762    -0.007452     6.820599 -2.116716
304  1.614963     0.163554     6.820599  2.858538
305  0.575250     0.448402     9.870075  1.247133
306  2.037630    -0.019567     0.666763 -2.997195
307  0.563176     0.455988     9.938823  1.247133
308  1.915034    -0.038374     9.938823 -1.391493
309  3.504300     0.072964     3.387957  1.714065
310  1.609540    -0.036124     4.596543 -0.482216
311  0.581828     0.448098     9.050517  1.247133
312  2.322159    -0.013081     9.050517 -2.408671
313  1.016130     0.358308     8.816142  1.637163
314  1.794039    -0.029160     8.782755 -1.272526
315  0.596025     0.450342     7.826298  1.247133
316  1.101787     0.168744     7.826298  0.250867
317  3.620424     0.022114     1.955336  2.991835
318  1.694058    -0.052724     7.165245 -0.693309
319  1.687226     0.291612     4.894715  1.247133
320  2.174957     0.021934     7.826298 -2.788247
321  1.744920    -0.020626     0.733480 -2.062792
322  3.605585     0.018155     1.752129  2.128392
323  1.825334     0.062130     1.959892  1.247133
324  1.009661     0.288161     7.826298  2.748883
325  2.585444     0.164791     8.241152  2.061289
326  1.427503     0.299687     8.205987  1.693285
327  0.560334     0.461689     8.943661  1.247133
328  2.998505     0.116398     8.943661  2.530560
329  1.935379    -0.011205     6.741865 -1.656099
330  2.721866     0.103252     2.738114  2.003496
331  3.125425     0.089108     3.078078  1.247133
332  1.269720     0.319392     8.943661  1.738859
333  1.516829    -0.001335     1.489821 -0.848684
334  0.964536     0.233194     3.968013  0.194477
335  1.503956     0.318453     5.067053  1.247133
336  0.560548     0.456843     8.943661  1.179389
337       NaN          NaN     0.946340  2.938835
338  1.379354     0.199000     8.499297  2.996392
339  0.692908     0.375127     3.347304  1.179389
340  1.807343    -0.054180     3.347304 -1.362214
341  2.067252     0.117023     5.908880  2.740092
342  2.877101     0.111561     7.046325  2.447205
343  0.535475     0.474634     8.350398  1.179389
344  1.950915    -0.039923     8.350398 -1.479226
345  3.604265     0.025261     2.094745  2.943804
346  0.757733     0.341396     8.969850  0.490996
347  3.127011     0.115064     3.258465  1.179389
348  1.881238    -0.036834     8.350398 -1.531868
349  1.023646     0.281090     6.845525  2.478724
350  3.037597     0.059887     3.402510  2.907912
351  1.994749     0.267567     4.304868  1.179389
352  0.873407     0.279864     8.350398  0.384844
353  3.225911     0.100766     6.017189  2.063378
354  1.632880    -0.043686     2.641296 -0.703601
355  0.606092     0.462130     6.417400  1.179389
356  2.148602     0.002929     6.417400 -2.635192
357  1.982085    -0.025910     6.435954 -1.609553
358  1.632250    -0.036457     7.949845 -0.494594
359  0.766991     0.333646     3.183611  1.179389
360  2.942013     0.115963     6.417400  2.162430
361  0.879609     0.276089     4.362335  0.256352
362  2.446978    -0.005462     8.873819 -2.902927
363  0.586238     0.462732     6.743709  1.179389
364  1.796884    -0.007765     6.743709 -1.418561
365  2.489067     0.095868     5.146700  2.866073
366  1.451784     0.020235     4.084050 -0.229970
367  0.583788     0.456981     7.086789  1.179389
368  2.157974     0.017319     7.086789 -2.484626
369  2.956175     0.077015     1.689986  1.450005
370  2.058690    -0.009211     5.036362 -2.166160
371  0.560902     0.466672     7.343391  1.179389
372  0.848710     0.292828     7.343391  0.361154
373  1.845156    -0.055302     4.097563 -1.361396
374  0.747663     0.348353     2.531117  0.936172
375  0.545513     0.467988     8.449522  1.179389
376  1.110439     0.165071     8.449522  0.216212
377  2.327060    -0.028748     3.915219 -2.929612
378  1.861744    -0.041712     1.862295 -1.720122
379  0.594403     0.459265     6.704470  1.179389
380  1.945576    -0.027069     6.704470 -1.702321
381  1.678918    -0.056554     6.559997 -0.497510
382  2.288597    -0.028131     8.173014 -2.210055
383  0.702026     0.447122     5.837380  1.179389
384  2.071694    -0.023802     6.704470 -1.832225
385  1.662061    -0.044271     1.372010 -1.232390
386  1.104982     0.167471     8.755123  0.235283
387       NaN          NaN     0.487085  1.179389
388  2.868514     0.105874     6.704470  2.600763
389  0.531702     0.472978     7.818422  1.056116
390  0.528007     0.473752     9.335497  0.956634
391       NaN          NaN     0.695736  0.956634
392  2.409028    -0.005406     9.335497 -2.603169
393  0.739630     0.350814     4.926901  0.409451
394  1.769469    -0.075195     2.016793 -1.216808
395  0.510276     0.489382     6.133858  0.956634
396  0.517697     0.482945     6.133858  0.925170
397  0.523432     0.481078     6.133858  0.956634
398  0.515859     0.485321     6.133858  0.956634
399  0.520414     0.483347     6.133858  0.956634
400  2.930880     0.108982    10.000000  3.000000
401  3.220044     0.089579    10.000000  3.000000
402  3.114964     0.096056    10.000000  3.000000
403  0.505394     0.493800     6.178391  0.980170
404  0.508005     0.492151     6.178391  0.980170
405  0.512366     0.488850     6.178391  0.980170
406  0.510209     0.489755     6.154083  0.967323
407  0.502932     0.494337     6.154083  0.967323
408  0.512089     0.488966     6.154083  0.967323
409  0.521252     0.482035     6.138721  0.959204
410  0.513697     0.487123     6.138721  0.959204
411  0.515033     0.486555     6.138721  0.959204
412  0.517149     0.484993     6.134815  0.957139
413  0.502232     0.494479     6.134815  0.957139
414  0.510888     0.489371     6.134815  0.957139
415  0.511775     0.488560     6.134003  0.956710
416  0.522995     0.481122     6.134003  0.956710
417  0.513003     0.487525     6.134003  0.956710
418  0.516732     0.485481     6.133933  0.956673
419  0.502190     0.495126     6.133933  0.956673
420  0.519356     0.483572     6.133933  0.956673
421  0.497622     0.497376     6.133872  0.956641
422  0.502198     0.494702     6.133872  0.956641
423  0.522914     0.481064     6.133872  0.956641
424  0.506892     0.491502     6.133863  0.956636
425  0.515248     0.486067     6.133863  0.956636
426  0.512983     0.487586     6.133863  0.956636
427  0.511474     0.488489     6.133870  0.956640
428  0.514104     0.486909     6.133870  0.956640
429  0.515570     0.486325     6.133870  0.956640
430  0.508367     0.490487     6.133867  0.956636
431  0.508639     0.490627     6.133867  0.956636
432  0.517849     0.483719     6.133867  0.956636
433  0.499193     0.496249     6.133856  0.956622
434  0.504863     0.492562     6.133856  0.956622
435  0.527764     0.478051     6.133856  0.956622
436  0.517426     0.484408     6.133812  0.956564
437  0.525468     0.479388     6.133812  0.956564
438  0.525713     0.479285     6.133812  0.956564
439  0.515952     0.486001     6.133844  0.956606
440  0.503769     0.493606     6.133844  0.956606
441  0.504736     0.493141     6.133844  0.956606
442  0.511392     0.488508     6.133851  0.956615
443  0.511040     0.488637     6.133851  0.956615
444  0.512740     0.488078     6.133851  0.956615
445  0.505716     0.492511     6.133854  0.956619
446  0.499892     0.496553     6.133854  0.956619
447  0.510418     0.489158     6.133854  0.956619
448  0.514383     0.487207     6.133855  0.956621
449  0.516425     0.485278     6.133855  0.956621
450  0.516731     0.485124     6.133855  0.956621
451  0.512446     0.487878     6.133856  0.956622
452  0.519095     0.483166     6.133856  0.956622
453  0.499860     0.496533     6.133856  0.956622
454  1.731028    -0.035751     4.121914 -1.165989
455  2.119959    -0.032523     2.190496 -2.524264
456  3.602477    -0.030325     0.830932  0.925170
457  0.515785     0.483152     6.133858  0.864579
458  2.390673     0.000439     8.382011 -2.815005
459  2.127035     0.243777     4.467090  1.236204
460  0.551418     0.459663     9.586492  0.864579
461  1.654522    -0.040161     9.586492 -0.516699
462  2.039768    -0.026782     1.528936 -2.657802
463  1.543401     0.085851     1.483066  1.091614
464  0.502439     0.491578     7.177016  0.864579
465  0.556729     0.458326     7.177016  0.701098
466  0.509874     0.486701     7.177016  0.864579
467  0.519288     0.480392     7.177016  0.864579
468  0.530280     0.473069     7.177016  0.864579
469  1.692842     0.012318     0.100000 -3.000000
470  1.721726    -0.000636     0.100000 -3.000000
471  1.687908    -0.008764     0.100000 -3.000000
472  1.180131     0.133384     5.828503  0.128190
473  1.158504     0.143042     5.828503  0.128190
474  1.150510     0.146687     5.828503  0.128190
475  0.709195     0.368510     6.455843  0.470765
476  0.683772     0.383251     6.455843  0.470765
477  0.693547     0.377706     6.455843  0.470765
478  0.563320     0.454644     6.795181  0.656069
479  0.573042     0.448547     6.795181  0.656069
480  0.567706     0.451838     6.795181  0.656069
481  0.519954     0.480556     7.081106  0.812205
482  0.516596     0.482904     7.081106  0.812205
483  0.518889     0.481245     7.081106  0.812205
484  0.533147     0.471434     7.141853  0.845378
485  0.534485     0.470686     7.141853  0.845378
486  0.516833     0.482091     7.141853  0.845378
487  0.510978     0.485864     7.162995  0.856923
488  0.514678     0.483544     7.162995  0.856923
489  0.531610     0.472427     7.162995  0.856923
490  0.499075     0.493862     7.173702  0.862769
491  0.508651     0.487564     7.173702  0.862769
492  0.525865     0.475979     7.173702  0.862769
493  0.511064     0.485772     7.176363  0.864222
494  0.502032     0.491770     7.176363  0.864222
495  0.528864     0.473927     7.176363  0.864222
496  0.519664     0.480024     7.176802  0.864462
497  0.517854     0.481387     7.176802  0.864462
498  0.530440     0.473065     7.176802  0.864462
499  0.504777     0.489927     7.176951  0.864544
500  0.525404     0.476386     7.176951  0.864544
501  0.519427     0.480358     7.176951  0.864544
502  0.522800     0.478089     7.177004  0.864573
503  0.497214     0.495033     7.177004  0.864573
504  0.528882     0.473944     7.177004  0.864573
505  0.504856     0.489956     7.177010  0.864576
506  0.519910     0.479841     7.177010  0.864576
507  0.521019     0.479284     7.177010  0.864576
508  0.503147     0.491007     7.177015  0.864579
509  0.519110     0.480478     7.177015  0.864579
510  0.508602     0.487495     7.177015  0.864579
511  0.515445     0.482838     7.177012  0.864577
512  0.512879     0.484558     7.177012  0.864577
513  0.510320     0.486201     7.177012  0.864577
514  0.517802     0.481264     7.177014  0.864578
515  0.505599     0.489557     7.177014  0.864578
516  0.523214     0.477883     7.177014  0.864578
517  0.514623     0.483373     7.177014  0.864578
518  0.516673     0.482230     7.177014  0.864578
519  0.511405     0.485519     7.177014  0.864578
520  0.502266     0.491585     7.177015  0.864578
521  0.512781     0.484704     7.177015  0.864578
522  0.517418     0.481642     7.177015  0.864578
523  0.519453     0.480164     7.177014  0.864578
524  0.500944     0.492441     7.177015  0.864578
525  0.513037     0.484453     7.177014  0.864578
526  0.503720     0.490563     7.177015  0.864578
527  0.516596     0.482344     7.177015  0.864578
528  0.511403     0.485570     7.177015  0.864578
529  0.528834     0.474020     7.177000  0.864572
530  0.510903     0.485828     7.177000  0.864572
531  0.528136     0.474485     7.177000  0.864572
532  0.525043     0.476522     7.177007  0.864575
533  0.503622     0.490709     7.177007  0.864575
534  0.516260     0.482222     7.177007  0.864575
535  0.512381     0.484942     7.177011  0.864577
536  0.501259     0.492180     7.177011  0.864577
537  0.490837     0.499468     7.177011  0.864577
538  0.529889     0.473316     7.177013  0.864578
539  0.513244     0.484393     7.177013  0.864578
540  0.516427     0.482341     7.177013  0.864578
541  0.527990     0.474702     7.177014  0.864578
542  0.491681     0.498781     7.177014  0.864578
543  0.536546     0.469050     7.177014  0.864578
544  0.494492     0.496882     7.177014  0.864578
545  0.499074     0.493877     7.177014  0.864578
546  0.507232     0.488319     7.177014  0.864578
547  0.524874     0.476627     7.177013  0.864577
548  0.509430     0.486877     7.177013  0.864577
549  0.511626     0.485563     7.177013  0.864577
550  0.511299     0.485642     7.177013  0.864578
551  0.524376     0.477266     7.177013  0.864578
552  0.511189     0.485905     7.177013  0.864578
553  0.512372     0.484819     7.177014  0.864578
554  0.522066     0.478553     7.177014  0.864578
555  0.526672     0.475289     7.177014  0.864578
556  0.495746     0.495770     7.177014  0.864578
557  0.495032     0.496460     7.177014  0.864578
558  0.522333     0.478619     7.177014  0.864578
559  0.512413     0.484941     7.177014  0.864578
560  0.522502     0.478318     7.177014  0.864578
561  0.536592     0.469114     7.177014  0.864578
562  0.499417     0.493516     7.177014  0.864578
563  0.503922     0.490542     7.177014  0.864578
564  0.516515     0.482095     7.177014  0.864578
565  0.514181     0.483600     7.177014  0.864578
566  0.510501     0.486049     7.177014  0.864578
567  0.522786     0.478144     7.177014  0.864578
568  0.518554     0.480970     7.177014  0.864578
569  0.520462     0.479646     7.177014  0.864578
570  0.518018     0.481177     7.177014  0.864578