error: 0.80 | highest correlation: nan
best global temp: 9.852163062593167 | best alpha: 1.1100537618244743 | best average temperature: 2.24
time scale: <class 'ising.Jij_sorted_ising'> | partial correlation: False

        error  correlation  global temp     alpha
0    2.982630     0.087697     4.228518  1.321947
1         NaN          NaN     3.288842  2.762276
2    3.820554    -0.007970     4.460964  2.454393
3         NaN          NaN     1.290568  2.454393
4    1.605815    -0.030603     4.460964 -0.560657
5    2.046220    -0.040485     7.850701 -1.370920
6    1.948153    -0.027890     1.460011 -2.208288
7    2.179541    -0.033386     3.072981 -2.208288
8    1.996374    -0.034427     3.072981 -2.136321
9    1.409848     0.038725     5.675074 -0.134228
10   1.628659    -0.025597     5.766626 -0.656207
11   1.603961    -0.025643     4.495414 -0.656207
12   2.184343    -0.022015     4.495414 -2.367900
13   3.019628     0.103944     7.100975  2.337660
14   2.018942     0.007649     9.782820 -1.880495
15   2.120945    -0.007481     9.458948 -1.880495
16   2.696049     0.125097     9.458948  2.215801
17        NaN          NaN     2.166968  2.216051
18        NaN          NaN     0.298701  1.488007
19        NaN          NaN     1.956164  2.215801
20   1.242090     0.155328     9.458948  0.649966
21   1.295672     0.082484     2.704777 -0.182001
22   3.239843     0.070060     5.278495  2.091717
23   2.603842     0.125943     9.660514  2.091717
24   1.296322     0.083943     9.660514  0.122768
25   1.722839    -0.048614     2.325905 -1.204746
26   1.990442    -0.010821     5.398563 -1.740138
27   2.057043    -0.033362     6.507211 -1.740138
28   1.614846    -0.030352     6.507211 -0.477783
29   0.998834     0.217562     4.850056  0.414909
30   1.927383    -0.028062     6.662062 -1.322759
31   1.773319    -0.011016     0.293659 -1.322759
32   1.863828    -0.016301     0.293659 -2.649592
33   2.083248    -0.035551     7.524226 -1.754959
34   1.814285    -0.039423     6.901800 -1.086912
35   1.632643    -0.009987     4.065519 -1.086912
36   1.532841    -0.000441     4.065519 -0.601055
37   2.867431     0.076752     5.160227  1.393653
38   3.579351    -0.029768     1.150401  0.567068
39   1.663738    -0.043065     2.949347  0.567068
40   3.632900     0.059891     2.949347  1.520365
41   2.450757     0.003218     6.849233 -2.585416
42   1.056674     0.187824     9.678423  0.309064
43   1.700026    -0.004030     6.155276  0.309064
44   2.056051     0.080535     6.155276  1.155832
45   1.211971     0.118674     4.487589  0.514747
46   2.630720    -0.007097     7.759653  0.726856
47   0.925894     0.252391     7.122898  0.726856
48   2.047023    -0.015660     7.122898 -1.690506
49   1.845600    -0.037714     9.121143 -1.169119
50   2.235320    -0.022548     7.571921 -2.275984
51   1.888246    -0.006489     1.698877 -2.275984
52   1.858151    -0.032125     1.698877 -1.929707
53   1.078363     0.178492     7.453921  0.954771
54   2.763921     0.110724     5.041789  1.449927
55   2.626288     0.111966     9.641094  0.954771
56   1.825688    -0.044074     7.453921 -1.002454
57   1.560136    -0.013714     2.537116  0.292568
58   1.886349    -0.018363     0.635931 -2.517204
59   2.298851    -0.002835     9.335112 -2.517204
60   2.825784     0.125856     9.335112  2.618158
61   1.744539    -0.031209     3.182068 -0.368492
62   2.306004    -0.004286     4.639089 -2.593010
63   2.454034    -0.027325     6.196990 -2.593010
64   1.629682    -0.028885     6.196990 -0.592820
65   1.756051    -0.031393     3.895050 -1.322457
66   2.245415    -0.015839     6.614082 -2.160906
67   2.097528    -0.028327     2.837161 -2.160906
68   1.681320    -0.031531     2.837161 -0.637365
69        NaN          NaN     0.676965  2.246319
70   2.245534     0.025298     7.594262 -2.367201
71   1.693071     0.011502     0.526611 -2.367201
72        NaN          NaN     0.526611  2.766421
73   1.745156    -0.003685     1.511403 -1.734040
74   1.907748    -0.018305     1.314151  0.126913
75   1.213629     0.118296     3.206283  0.126913
76   3.183531     0.043943     3.206283  0.935508
77   2.068811     0.010160     1.103707 -2.985378
78   1.631120    -0.006781     1.560553 -0.037180
79   3.211456    -0.048125     0.289970 -0.037180
80   1.627286    -0.012411     1.560553 -0.184384
81   2.926124     0.110055     9.717901  2.868062
82   1.522312     0.001800     1.692995 -0.274888
83   1.544375    -0.009248     7.223361 -0.274888
84   1.279121     0.090329     7.223361  0.132354
85   1.305345     0.090312     7.353809  1.084087
86   3.516515     0.071416     3.287743  1.214996
87   1.048445     0.191514     7.925340  1.084087
88   1.738400    -0.006143     7.925340 -1.066705
89   1.936992     0.092463     9.081012  1.450271
90   2.152361    -0.018813     7.086714  0.563266
91   1.835584     0.098862     5.692272  1.084087
92   1.509270     0.091362     7.925340  1.201132
93   3.349018     0.071428     4.395992  1.962717
94   2.724128     0.084194     3.910073  1.036387
95        NaN          NaN     1.709964  1.084087
96   1.723090    -0.038234     7.925340 -0.765118
97   1.477036     0.012804     5.956608 -0.212926
98   1.480281     0.015558     2.429074  0.087821
99   2.683782     0.093503     4.075501  1.084087
100  2.053447     0.018527     7.925340 -2.016275
101  1.745214    -0.037848     7.264287 -0.856356
102  1.751710    -0.045569     4.993757 -0.966635
103       NaN          NaN     1.560834  1.084087
104  1.855001     0.026669     7.925340 -1.572750
105       NaN          NaN     1.851171  1.965346
106  3.666599     0.041971     3.300276  2.000061
107  3.760686     0.000307     2.910774  1.084087
108  1.976896     0.009689     7.925340 -1.846624
109       NaN          NaN     2.256252  1.434885
110  1.904483     0.109909     8.717179  1.453008
111       NaN          NaN     0.508767  1.084087
112  2.687593     0.095323     7.925340  1.888158
113  1.770447    -0.047506     9.440557 -0.718108
114  1.158338     0.142643     4.171367  0.302257
115  1.134984     0.152053     9.265842  0.302257
116  2.492788    -0.010686     9.265842 -2.512688
117  2.978939     0.101899     9.870025  2.999261
118  1.445738     0.021662     2.460531 -0.010069
119       NaN          NaN     0.174302  0.302257
120  2.490148     0.116294     9.265842  1.778910
121  2.770197     0.090288     6.124451  1.582320
122  2.362830    -0.011291     9.243998 -2.239346
123  2.703607    -0.041658     1.123901  0.302257
124  2.789475     0.113914     9.265842  2.463056
125  3.430492     0.058733     5.704013  2.521312
126  2.311673    -0.009198     6.273964 -2.356358
127  2.213240    -0.044046     5.083074  0.302257
128  2.599666    -0.033789     9.265842 -2.646617
129  1.689714    -0.051836     9.885294 -0.386136
130  3.546089     0.050448     4.173909  2.319680
131  1.115603     0.160849     9.381104  0.302257
132  2.644672     0.111464     9.381104  2.085085
133  2.559095    -0.003647     7.736503 -2.843273
134       NaN          NaN     1.086560  1.729441
135  2.050240    -0.030147     1.645732  0.302257
136  1.161430     0.140477     9.381104  0.250426
137  1.641971    -0.009018     5.289464  0.117428
138  2.000225    -0.030216     2.009877 -0.502995
139  1.837402    -0.019739     5.458696  0.250426
140  1.950103    -0.048655     9.381104 -1.181696
141  1.819553    -0.048126     7.557786 -0.883363
142  2.024322    -0.029088     2.063845 -2.180562
143  1.214427     0.117283     9.674568  0.250426
144  2.359355     0.115608     9.674568  1.787706
145  1.694783    -0.038359     5.592252 -0.897682
146  3.204851     0.067609     5.576619  1.812975
147  1.647495     0.002612     5.879835  0.250426
148  1.677765    -0.006264     9.674568 -0.806547
149  2.689552     0.112684     6.284402  1.622649
150  2.526692     0.102715     9.010553  1.818948
151  1.156155     0.142705     8.777814  0.250426
152  2.134376    -0.018962     8.777814 -1.743367
153  0.984461     0.222830     9.932265  0.461548
154  1.723422    -0.013608     1.190164 -1.626444
155  1.278278     0.106098     8.333547  0.461548
156  0.985841     0.221874     9.932265  0.452810
157  1.920315    -0.031615     5.119991  0.209593
158  1.660484    -0.014956     1.138396 -0.510367
159       NaN          NaN     0.371068  0.452810
160  2.292258    -0.002290     9.932265 -2.165005
161  2.676852    -0.014421     0.457207 -0.164547
162  1.279153     0.122103     8.187212  1.169152
163  3.885390    -0.043422     0.670168  0.452810
164  2.248775     0.115775     9.932265  1.683966
165  1.615952    -0.029285     6.188508 -0.532030
166  1.703572    -0.011350     5.753310  0.240231
167  0.996714     0.216980     9.642905  0.452810
168  2.715256     0.133986     9.642905  2.502870
169  1.916142     0.001156     3.031126 -1.973398
170  1.426596     0.030542     1.793557 -0.491297
171  1.402548     0.036938     3.425519  0.452810
172  2.643116     0.102888     9.642905  1.874183
173  3.043021    -0.036806     0.856857  0.329537
174  1.720528    -0.011084     0.273317 -1.764039
175  1.199038     0.124700     4.078397  0.452810
176  2.090080    -0.012864     9.642905 -1.775292
177  1.510269     0.051283     6.599634  1.068825
178  1.354802     0.059498     7.477088  0.001455
179  1.275818     0.105309     8.285321  0.452810
180  2.597161    -0.008636     9.642905 -2.827653
181  2.264746    -0.010808     4.678968 -2.321600
182  1.858992    -0.024178     6.256764 -1.390471
183  1.508576    -0.004267     3.291651  0.452810
184  1.826754     0.132026     9.642905  0.824435
185  3.873426    -0.001194     3.069800  2.965477
186       NaN          NaN     1.927246  1.855641
187       NaN          NaN     0.380089  0.452810
188  1.909029     0.011475     9.642905 -1.543073
189  3.893737    -0.051913     1.539478  0.679845
190  1.342962     0.071724     7.233429  0.289328
191  1.074961     0.182959     9.077770  0.452810
192  1.378614     0.102951     9.642905  1.283332
193  1.383563     0.058359     7.159891  0.315272
194  1.773489    -0.025657     0.175975 -2.226590
195  1.267053     0.108370     8.409132  0.452810
196  2.771329     0.128424     9.642905  2.559665
197  2.859027     0.118231     8.350862  2.414465
198  2.729780     0.124692     7.357203  2.158297
199  1.127897     0.160685     8.802082  0.452810
200  2.758150     0.120462     9.642905  2.353718
201  2.886685     0.115306     9.317388  2.579852
202  2.137095     0.003152     7.616958 -2.006242
203  2.719327    -0.052662     4.969086  0.452810
204  2.885033     0.104092     9.642905  2.482092
205  1.534798     0.002824     0.858645 -1.367946
206  1.492045     0.044161     7.752007  0.457498
207  1.877527    -0.017437     6.704755  0.452810
208  1.538554    -0.005186     9.642905 -0.171427
209  2.640562    -0.014437     6.736879 -2.946459
210  1.678904    -0.000683     4.080776 -1.267026
211  1.202392     0.123007     4.358338  0.452810
212  2.841055     0.122777     9.642905  2.906931
213       NaN          NaN     1.336377  0.677276
214       NaN          NaN     0.113721  2.515881
215  1.127677     0.156859     4.532511  0.452810
216  2.776805     0.114085     9.642905  2.382025
217  1.548310    -0.006024     6.890505 -0.440389
218       NaN          NaN     2.140428  1.677147
219  3.272066    -0.053222     1.049425  0.452810
220  1.030141     0.210164     9.642905  0.562564
221       NaN          NaN     1.417254  1.767047
222  1.859119    -0.021303     5.944270 -1.428309
223  1.038874     0.207185     9.655904  0.562564
224  2.728431    -0.020074     9.655904 -2.901754
225  2.335195    -0.009001     6.224753 -2.514609
226  3.714174     0.020862     2.818729  1.303535
227  2.226849    -0.043259     5.668090  0.562564
228  1.310212     0.077945     9.655904  0.127513
229  1.379275     0.045972     4.204245  0.638154
230  1.416883     0.035913     5.860637 -0.122251
231  2.138865    -0.017725     6.959934  0.562564
232  2.315248    -0.015555     9.655904 -2.147145
233  2.087908    -0.028879     5.467183 -1.814564
234  1.452226     0.023585     8.632370 -0.089944
235  1.629572    -0.050831     3.408024  0.562564
236  2.065212     0.112546     9.655904  1.579454
237  2.145245     0.015097     3.243246 -2.676399
238       NaN          NaN     2.380732  1.020937
239  1.209147     0.146211     8.944437  0.562564
240  1.865636    -0.026586     9.655904 -1.210163
241  1.235253     0.106361     5.520890  0.903576
242  1.575789    -0.014001     4.025157 -0.351381
243  2.188841    -0.024618     7.067145  0.562564
244  0.872375     0.277910     9.655904  1.110054
245  1.732975    -0.030090     2.768781 -1.407518
246  2.859652    -0.033778     1.654169  0.524790
247       NaN          NaN     1.663296  1.110054
248  1.297684     0.083254     9.655904  0.139680
249       NaN          NaN     0.981502  2.945313
250  1.693113    -0.010179     0.372809 -2.165191
251  1.589813     0.096321     6.312647  1.110054
252  1.505642     0.008067     9.655904 -0.262954
253  2.741790     0.134938     5.835472  1.704314
254  3.346864     0.063296     4.770712  2.105551
255  1.360902     0.082730     7.439378  1.110054
256  2.233899     0.117916     9.655904  1.775766
257  2.620096     0.014519     9.735921 -2.935148
258  3.039343     0.090904     7.011471  2.264951
259  3.320196     0.047341     3.476302  1.110054
260  2.572072     0.106331     9.655904  1.976735
261  3.657692    -0.062687     0.588899  0.361275
262  3.867533    -0.001194     4.147847  2.632168
263  3.669030     0.050589     2.444590  1.110054
264  2.547107     0.020381     9.655904 -2.638012
265       NaN          NaN     0.337582  1.795498
266  3.336846     0.076019     4.135241  1.745119
267  2.305164     0.085772     5.148607  1.110054
268  1.420674     0.036558     9.655904 -0.062113
269  1.267955     0.094291     2.933987 -0.118913
270  1.948580    -0.037268     7.041319 -1.418771
271  1.443255     0.107411     6.846273  1.110054
272  2.613563     0.095439     9.655904  1.924378
273  1.542898    -0.019392     3.646639  0.559566
274  1.714071    -0.053697     6.356047 -0.605308
275  2.987719     0.057177     3.969371  1.110054
276  2.687299    -0.002633     9.655904 -2.944919
277  2.646992     0.108747     8.516692  1.761253
278  1.525364    -0.004965     5.652797 -0.267257
279       NaN          NaN     1.305063  1.110054
280  1.883824     0.089418     9.655904  1.420544
281       NaN          NaN     2.802437  2.452825
282  3.868252    -0.001194     3.521624  2.065588
283  0.910454     0.258483     9.765794  1.110054
284  2.444135     0.093436     9.655904  1.765690
285       NaN          NaN     1.423357  1.517330
286  1.181331     0.132309     4.880697  0.603636
287  2.186189     0.099292     5.026973  1.110054
288  0.995730     0.219075     9.655904  0.481398
289  1.680718     0.014918     7.133701  0.451188
290  2.002667    -0.021213     4.102834 -1.850752
291  3.632900     0.059891     1.721851  1.110054
292  2.713536     0.110032     9.655904  2.141506
293  3.381160     0.045107     4.270580  1.695463
294  1.823979    -0.014045     0.509511 -0.829566
295  0.804723     0.312839     9.852163  1.110054
296  1.288744     0.087781     9.852163  0.107055
297  1.649917    -0.015003     0.831589 -0.899654
298  1.786032    -0.023232     4.954139  0.119692
299  2.752435     0.048474     4.603463  1.110054
300  1.805405     0.005275     9.852163 -1.337733
301  1.964327    -0.024221     1.187937  0.015763
302  1.550583    -0.009337     3.906743 -0.578445
303  1.414615     0.092652     7.051200  1.110054
304  2.894356     0.114335     9.852163  2.728305
305  1.781440    -0.046859     9.531160 -0.735023
306  0.946765     0.241702     7.055442  0.717626
307  1.029839     0.200428     8.584989  1.110054
308  1.419364     0.040341     9.852163 -0.186256
309  2.738184     0.123146     7.437928  2.152590
310  2.443010     0.010323     9.922641 -2.640766
311       NaN          NaN     1.836335  1.110054
312  2.812729     0.100475     9.852163  2.471066
313  2.052159     0.001608     3.999398  0.909953
314  2.147520     0.018062     2.162606 -2.892188
315  2.241820     0.112155     4.842146  1.110054
316  2.312359     0.104364     9.852163  1.734472
317       NaN          NaN     0.219981  2.322388
318  2.143280    -0.038504     4.181055  0.133187
319  3.161700     0.073777     3.828441  1.110054
320  0.922316     0.252783     9.852163  1.081442
321  2.102693     0.011263     5.092178 -2.358813
322  1.714214    -0.026497     4.300574 -1.064091
323       NaN          NaN     2.829550  1.110054
324  1.908743     0.010663     9.852163 -1.518191
325  1.742376     0.105125     7.728600  1.287217
326  3.449053     0.065429     4.785909  2.467354
327  0.878742     0.275276     9.919043  1.110054
328  1.568773     0.099232     9.852163  1.357701
329       NaN          NaN     2.313809  2.845139
330  2.771645     0.139572     6.147585  2.038309
331  2.168735     0.106753     5.072338  1.110054
332  1.373956     0.054042     9.852163 -0.002500
333  2.844195     0.123473     8.389620  2.634221
334       NaN          NaN     1.402592  1.387541
335       NaN          NaN     1.749490  1.110054
336  0.821442     0.304266     9.852163  1.095054
337  1.625559    -0.018611     6.437922 -0.745647
338       NaN          NaN     1.144984  2.140651
339  1.113922     0.162745     8.447054  1.110054
340  2.094631    -0.005581     9.852163 -1.677477
341  2.735467     0.118989     7.719513  2.016733
342  1.593546    -0.013665     5.869510 -0.626642
343  2.237171     0.059985     5.392936  1.110054
344  2.449601     0.093558     9.852163  1.760480
345  1.908742     0.024205     3.073869 -2.318353
346  1.875450    -0.012675     2.875260 -1.912875
347  0.883838     0.272184     9.155931  1.110054
348  2.611512     0.094747     9.852163  1.957768
349       NaN          NaN     1.303024  2.749770
350  2.806886     0.124019     7.027885  2.192580
351  1.146485     0.152121     8.186234  1.110054
352  2.568838     0.099440     9.852163  1.961820
353  1.699637    -0.026557     3.035270 -0.473539
354  2.703128     0.099179     4.649650  1.256081
355  2.658403     0.115317     9.784580  1.110054
356  1.837109    -0.029653     9.852163 -1.065699
357  1.918246    -0.042016     6.756089 -1.318972
358  2.881939     0.119539     8.660358  2.666661
359  3.666437    -0.005148     2.939158  1.110054
360  2.091464    -0.000810     9.852163 -1.863613
361  3.921522    -0.022884     3.152187  1.566681
362  1.658987    -0.004562     5.646618  0.197390
363  2.996911     0.113596     9.473784  1.110054
364  2.638722     0.002736     9.852163 -2.833080
365       NaN          NaN     1.934119  1.112811
366  1.560200    -0.017362     5.025138 -0.277903
367  0.998631     0.215373     9.392095  1.110054
368  2.013319     0.015093     9.852163 -1.838695
369  1.128645     0.154940     9.680806  0.288698
370  3.606317     0.036571     3.661387  1.519374
371  3.691098     0.035729     2.394574  1.110054
372  2.439219     0.088386     9.852163  1.770378
373  2.201278    -0.010034     1.553428  0.346643
374  3.316782     0.075529     7.179519  2.811617
375  1.943815     0.088553     5.651824  1.110054
376  1.526154     0.001756     9.852163 -0.276403
377  1.488155     0.013839     9.390378 -0.206741
378  2.860920     0.119886     5.505441  1.657086
379       NaN          NaN     1.647609  1.110054
380  2.205974     0.028573     9.852163 -2.108426
381  1.128542     0.156170     5.349735  0.622108
382  1.587371     0.007797     5.833697  0.208361
383  2.344966     0.074662     5.396757  1.110054
384  0.963516     0.232367     9.852163  1.177049
385  2.068211     0.013062     6.146416 -2.070746
386  2.407405    -0.024136     9.216763 -2.297322
387  3.570704     0.029568     3.098569  1.110054
388  2.772198     0.126080     9.852163  2.430976
389  3.174872     0.073533     8.543426  2.930149
390  2.885376     0.135619     7.082976  2.377970
391  1.072004     0.180993     8.927615  1.110054
392  2.832117     0.123514     9.852163  2.903148
393  1.827637     0.101531     6.813887  1.210503
394  1.898453    -0.003087     0.688159 -0.396760
395  3.705474     0.014146     2.993400  1.110054
396  2.129916     0.005520     9.852163 -1.734923
397  1.752386    -0.031523     3.230937 -0.351186
398  1.646680    -0.040935     6.123399 -0.544340
399       NaN          NaN     1.852709  1.110054
400  2.026663     0.001426     9.852163 -1.598707
401       NaN          NaN     0.149253  0.615693
402  1.693443    -0.031667     3.494311  0.732226
403  2.331765     0.084414     5.043736  1.110054
404  2.368603     0.082340     9.852163  1.754597
405  1.815783    -0.034682     2.738081 -0.451078
406  2.262492    -0.041990     6.061060 -2.078499
407  1.483356     0.070359     7.152447  1.110054
408  1.808569    -0.006379     9.852163 -1.171038
409  2.112932    -0.000074     4.366541 -2.223546
410  2.415016    -0.002770     9.998373 -2.360320
411  1.017977     0.205953     8.549908  1.110054
412  1.989152    -0.030837     9.852163 -1.279582
413  1.537221    -0.000700     9.787314 -0.278096
414  2.208164    -0.029714     8.368548 -1.774994
415       NaN          NaN     2.741500  1.110054
416  1.751642     0.106041     9.852163  1.465915
417  2.557246    -0.008081     7.445940 -2.901756
418  1.719892    -0.013144     1.299015 -1.598211
419  3.669030     0.050589     2.861261  1.110054
420  2.585871     0.000193     9.852163 -2.808847
421  2.239634     0.009139     9.790990 -2.048287
422  2.294869     0.023372     5.916809 -2.659977
423       NaN          NaN     2.117392  1.110054
424  2.068922    -0.032314     9.852163 -1.457151
425       NaN          NaN     0.410977  2.654828
426       NaN          NaN     1.996219  1.111833
427  2.281037     0.087123     5.042707  1.110054
428  1.951368    -0.011049     9.852163 -1.291930
429  3.873426    -0.001194     3.270841  2.425057
430  2.005522     0.029211     4.803426 -1.951124
431       NaN          NaN     0.775490  1.110054
432  2.999889     0.096180     9.852163  2.881582
433  1.851526    -0.032604     3.993208  0.143337
434  3.993615    -0.031008     2.783596  2.288548
435  1.039644     0.195761     8.947686  1.110054
436  1.486965     0.012471     9.852163 -0.156133
437  3.691098     0.035729     2.588162  1.348709
438  3.514160     0.048538     4.947684  2.534726
439  2.040436     0.075647     5.563595  1.110054
440  1.284053     0.089506     9.852163  0.101818
441  2.269537     0.131437     5.931880  1.261248
442  1.590756    -0.014093     1.733263 -0.220365
443       NaN          NaN     2.076422  1.110054
444  2.489616     0.001250     9.852163 -2.553201
445  3.164299     0.080277     4.338411  1.456729
446  2.696977     0.125798     9.697316  2.274916
447  1.446103     0.085316     7.024356  1.110054
448  2.708039     0.114606     9.852163  2.236656
449  1.903992    -0.035254     3.631594 -0.117394
450  1.441178     0.025383     6.091820 -0.091823
451  0.822306     0.304360     9.878635  1.110054
452  1.776842    -0.034154     9.852163 -0.739875
453  2.998864     0.100527     9.251934  2.853256
454  2.774138    -0.020957     0.105954 -0.692092
455  3.716036     0.019417     2.664146  1.110054
456  2.167665    -0.016777     9.852163 -1.880561
457       NaN          NaN     2.132370  2.344045
458  1.745941    -0.033969     2.851723 -1.307480
459  2.401470     0.122463     4.565344  1.110054
460  1.373690     0.053942     9.852163  0.008333
461  1.770952    -0.041283     5.396251 -1.038488
462  1.651954    -0.030675     5.184716 -0.751333
463  2.615820     0.090281     4.353085  1.110054
464  1.775060     0.160041     9.852163  0.838668
465  1.454341     0.031408     3.641599  0.758819
466  1.794081    -0.009692     6.921619 -1.128130
467  2.964329     0.062967     4.085479  1.110054
468  1.766187    -0.041039     9.852163 -0.826612
469  2.116003     0.008397     8.990999 -1.804140
470  3.988964    -0.031008     2.972107  1.148378
471  3.879177    -0.037601     2.729309  1.110054
472  2.659360     0.118400     9.852163  2.260294
473  3.689459     0.023717     4.423957  2.454702
474  2.080192    -0.032230     6.276443 -1.721855
475       NaN          NaN     0.809828  1.110054
476  2.700632     0.119123     9.852163  2.512345
477  1.639915    -0.023321     6.846584 -0.751379
478  2.468263     0.093273     9.809283  1.744955
479       NaN          NaN     0.106924  1.110054
480  2.814496     0.126557     9.852163  2.726099
481  1.424228     0.032658     9.270601  0.031657
482  1.755193    -0.046626     5.077256 -1.046904
483  2.282677     0.101654     4.821258  1.110054
484  2.688436     0.127253     9.852163  2.341383
485  1.955982    -0.007218     8.033437 -1.462178
486  1.732083    -0.047397     2.495196 -1.188775
487  1.521053     0.075220     6.920921  1.110054
488  2.806730     0.129562     9.852163  2.793828
489       NaN          NaN     1.454666  2.826517
490  3.142564    -0.045521     1.295911  0.463129
491  0.939292     0.244125     8.351243  1.110054
492  2.692985     0.125070     9.852163  2.250637
493  1.993109     0.009823     1.092581 -2.980244
494  3.479156     0.049642     3.429237  1.335058
495  3.362303     0.064138     3.183671  1.110054
496  1.426441     0.152806     9.852163  0.745530
497  1.565448     0.001003     1.019833 -1.550236
498  3.001162     0.120198     5.452903  1.952442
499  2.762934     0.085260     4.282608  1.110054