error: 0.52 | highest correlation: nan
best global temp: 6.970522755279486 | best alpha: 1.0454660058021545 | best average temperature: 1.64
time scale: <class 'ising.Jij_sorted_ising'> | partial correlation: False

        error  correlation  global temp     alpha
0    2.859684     0.149521     4.228518  1.321947
1    3.181443     0.067722     3.288842  2.762276
2    1.936240     0.013819     3.521288 -2.105277
3    1.867129     0.008350     2.971673 -2.105277
4    2.502281     0.068543     2.971673  0.879673
5    2.045059    -0.034945     2.971673 -2.105277
6    2.003791    -0.034822     2.971673 -2.105277
7    2.070178    -0.033754     2.971673 -2.105277
8    2.514269    -0.014351    10.000000 -3.000000
9    2.462340    -0.023936    10.000000 -3.000000
10   2.524815    -0.015166    10.000000 -3.000000
11   2.257243    -0.013924     6.542239 -2.559819
12   2.403654    -0.037462     6.542239 -2.559819
13   2.454059    -0.042699     6.542239 -2.559819
14   2.290721    -0.045549     4.938291 -2.355632
15   2.197407    -0.034012     4.938291 -2.355632
16   2.193789    -0.045752     4.938291 -2.355632
17   2.072459    -0.034024     3.283913 -2.145026
18   2.118721    -0.026338     3.283913 -2.145026
19   2.012166    -0.017233     3.283913 -2.145026
20   1.967370    -0.004069     3.131524 -2.125627
21   1.935315    -0.037714     3.131524 -2.125627
22   2.067784    -0.034031     3.131524 -2.125627
23   2.015764    -0.024412     3.005296 -2.109558
24   2.024098    -0.045968     3.005296 -2.109558
25   1.996300    -0.021810     3.005296 -2.109558
26   1.998950    -0.007341     2.984294 -2.106884
27   1.984512    -0.024847     2.984294 -2.106884
28   1.990484    -0.024219     2.984294 -2.106884
29   2.001208    -0.032704     2.975295 -2.105738
30   1.994514    -0.035790     2.975295 -2.105738
31   2.011573    -0.022954     2.975295 -2.105738
32   2.026405    -0.041818     2.972775 -2.105418
33   2.046419    -0.040068     2.972775 -2.105418
34   2.090510    -0.044510     2.972775 -2.105418
35   1.968529    -0.029678     2.972091 -2.105330
36   2.013992    -0.025607     2.972091 -2.105330
37   1.977914    -0.022785     2.972091 -2.105330
38   2.046970    -0.040454     2.971882 -2.105304
39   2.036394    -0.040987     2.971882 -2.105304
40   1.997906    -0.035158     2.971882 -2.105304
41   1.986099    -0.028520     2.971739 -2.105286
42   2.004502    -0.034929     2.971739 -2.105286
43   2.054716    -0.029223     2.971739 -2.105286
44   1.924969    -0.012785     2.971698 -2.105280
45   1.932056    -0.012563     2.971698 -2.105280
46   1.922960    -0.009736     2.971698 -2.105280
47   2.002948    -0.024061     2.971694 -2.105281
48   1.938563    -0.014273     2.971694 -2.105281
49   1.941896    -0.011951     2.971694 -2.105281
50   1.980170    -0.012923     2.971695 -2.105281
51   1.941166    -0.016537     2.971695 -2.105281
52   2.043460    -0.018077     2.971695 -2.105281
53   1.857523     0.018414     2.971696 -2.105280
54   1.802369     0.037010     2.971696 -2.105280
55   1.993139    -0.018949     2.971696 -2.105280
56   2.081747    -0.035434     2.971697 -2.105280
57   1.895344    -0.017985     2.971697 -2.105280
58   2.007347    -0.036025     2.971697 -2.105280
59   2.078772    -0.032644     2.971696 -2.105280
60   1.900202    -0.020148     2.971696 -2.105280
61   1.984494    -0.037294     2.971696 -2.105280
62   1.928352    -0.010730     2.971696 -2.105280
63   2.090915    -0.045831     2.971696 -2.105280
64   2.009329    -0.041318     2.971696 -2.105280
65   1.898269    -0.033947     9.877176 -1.385908
66   1.934977     0.003942     3.486486 -2.223276
67   2.193569    -0.005137     8.549263 -2.223276
68   1.730337    -0.056882     8.549263 -0.732695
69   1.665407    -0.036295     8.549263 -0.732695
70   1.612579    -0.012032     8.549263 -0.732695
71   1.711283    -0.047198     8.549263 -0.732695
72   2.461080    -0.017407    10.000000 -3.000000
73   2.621650    -0.034385    10.000000 -3.000000
74   2.595289    -0.030478    10.000000 -3.000000
75   1.694235    -0.023221     8.718860 -0.997752
76   1.764548    -0.039505     8.718860 -0.997752
77   1.820463    -0.061530     8.718860 -0.997752
78   1.744837    -0.056248     8.584828 -0.788279
79   1.724513    -0.051806     8.584828 -0.788279
80   1.708183    -0.047361     8.584828 -0.788279
81   1.737847    -0.058298     8.562980 -0.754133
82   1.685082    -0.043814     8.562980 -0.754133
83   1.686535    -0.040659     8.562980 -0.754133
84   1.733994    -0.054487     8.554363 -0.740665
85   1.735971    -0.059095     8.554363 -0.740665
86   1.691153    -0.043186     8.554363 -0.740665
87   1.667678    -0.031147     8.551467 -0.736139
88   1.719754    -0.053267     8.551467 -0.736139
89   1.664807    -0.030250     8.551467 -0.736139
90   1.740085    -0.059665     8.550176 -0.734122
91   1.707860    -0.050387     8.550176 -0.734122
92   1.688650    -0.043664     8.550176 -0.734122
93   1.678721    -0.037918     8.549630 -0.733269
94   1.715431    -0.055838     8.549630 -0.733269
95   1.630166    -0.018769     8.549630 -0.733269
96   1.693524    -0.045017     8.549442 -0.732975
97   1.681143    -0.039778     8.549442 -0.732975
98   1.679555    -0.038469     8.549442 -0.732975
99   1.696214    -0.040432     8.549325 -0.732792
100  1.703730    -0.049071     8.549325 -0.732792
101  1.624429    -0.017863     8.549325 -0.732792
102  1.663948    -0.035431     8.549294 -0.732743
103  1.733763    -0.056992     8.549294 -0.732743
104  1.667221    -0.031582     8.549294 -0.732743
105  1.710231    -0.051443     8.549276 -0.732716
106  1.662977    -0.037043     8.549276 -0.732716
107  1.670273    -0.038365     8.549276 -0.732716
108  1.647690    -0.028010     8.549268 -0.732702
109  1.676637    -0.038979     8.549268 -0.732702
110  1.697962    -0.048213     8.549268 -0.732702
111  1.700314    -0.048368     8.549264 -0.732697
112  1.692511    -0.045143     8.549264 -0.732697
113  1.703035    -0.039261     8.549264 -0.732697
114  1.726739    -0.050419     8.549264 -0.732696
115  1.675090    -0.033847     8.549264 -0.732696
116  1.708593    -0.050093     8.549264 -0.732696
117  1.729766    -0.050036     8.549263 -0.732695
118  1.762419    -0.071420     8.549263 -0.732695
119  1.692268    -0.049026     8.549263 -0.732695
120  1.690549    -0.042179     8.549263 -0.732695
121  1.724782    -0.048288     8.549263 -0.732695
122  1.715170    -0.049903     8.549263 -0.732695
123  1.690819    -0.045994     8.549263 -0.732695
124  1.728565    -0.053944     8.549263 -0.732695
125  1.634764    -0.022857     8.549263 -0.732695
126  1.750229    -0.067046     8.549263 -0.732695
127  1.691225    -0.044534     8.549263 -0.732695
128  1.674775    -0.036744     8.549263 -0.732695
129  1.664567    -0.035235     8.549263 -0.732695
130  1.715218    -0.049062     8.549263 -0.732695
131  1.713477    -0.044423     8.549263 -0.732695
132  1.724203    -0.051636     8.549263 -0.732695
133  1.692613    -0.047386     8.549263 -0.732695
134  1.703803    -0.046966     8.549263 -0.732695
135  1.650410    -0.030151     8.549263 -0.732695
136  1.730650    -0.057412     8.549263 -0.732695
137  1.736619    -0.061549     8.549263 -0.732695
138  1.727751    -0.052297     8.549263 -0.732695
139  1.714026    -0.050648     8.549263 -0.732695
140  1.651642    -0.031818     8.549263 -0.732695
141  1.726857    -0.056499     8.549263 -0.732695
142  1.673749    -0.037360     8.549263 -0.732695
143  1.707149    -0.051004     8.549263 -0.732695
144  1.737724    -0.065092     8.549263 -0.732695
145  1.735072    -0.055428     8.549263 -0.732695
146  1.712082    -0.045998     8.549263 -0.732695
147  1.033569     0.200664     8.622038  0.314615
148  1.833539    -0.025379     0.421119 -2.592264
149  2.368907    -0.034796     6.209426 -2.592264
150  1.356467     0.058746     6.209426 -0.057219
151  1.023958     0.205173     8.622038  0.314615
152  0.961583     0.235601     8.622038  0.314615
153  1.015383     0.209356     8.622038  0.314615
154  0.865075     0.337209    10.000000  3.000000
155  0.873972     0.331855    10.000000  3.000000
156  0.935746     0.303507    10.000000  3.000000
157  0.553337     0.460213     8.838348  0.736161
158  0.583070     0.441564     8.838348  0.736161
159  0.570780     0.449328     8.838348  0.736161
160  0.712856     0.366465     8.724309  0.513922
161  0.753208     0.343758     8.724309  0.513922
162  0.735516     0.353665     8.724309  0.513922
163  0.832781     0.301306     8.673547  0.414996
164  0.871093     0.281047     8.673547  0.414996
165  0.819583     0.308222     8.673547  0.414996
166  0.928336     0.252119     8.640596  0.350781
167  0.946495     0.242952     8.640596  0.350781
168  0.920020     0.256058     8.640596  0.350781
169  0.993571     0.220108     8.628291  0.326801
170  0.997698     0.217814     8.628291  0.326801
171  0.993040     0.220157     8.628291  0.326802
172  0.971749     0.230495     8.624160  0.318751
173  0.998027     0.217641     8.624160  0.318751
174  0.991892     0.220608     8.624160  0.318751
175  0.957790     0.237640     8.623048  0.316584
176  1.019427     0.207366     8.623048  0.316584
177  0.974894     0.229065     8.623048  0.316584
178  1.017910     0.208121     8.622554  0.315621
179  1.034636     0.199994     8.622554  0.315621
180  1.021066     0.206630     8.622554  0.315621
181  1.064575     0.185921     8.622236  0.315001
182  0.981525     0.225768     8.622236  0.315001
183  1.000615     0.216354     8.622236  0.315001
184  0.993013     0.220141     8.622063  0.314664
185  1.041205     0.197062     8.622063  0.314664
186  0.987163     0.222894     8.622063  0.314664
187  0.994897     0.219093     8.622048  0.314635
188  0.987547     0.222746     8.622048  0.314635
189  0.981637     0.225743     8.622048  0.314635
190  0.982150     0.225278     8.622041  0.314620
191  1.001656     0.216052     8.622041  0.314620
192  0.952946     0.239825     8.622041  0.314620
193  0.992399     0.220369     8.622045  0.314633
194  1.014599     0.209574     8.622045  0.314633
195  1.001317     0.216011     8.622045  0.314633
196  0.963977     0.234373     8.622043  0.314626
197  0.972177     0.230408     8.622043  0.314626
198  1.039160     0.197925     8.622043  0.314626
199  0.950441     0.241091     8.622041  0.314621
200  0.991317     0.220934     8.622041  0.314621
201  1.036538     0.199059     8.622041  0.314621
202  0.982831     0.225139     8.622041  0.314621
203  1.035305     0.199845     8.622041  0.314621
204  0.961217     0.235775     8.622041  0.314621
205  0.963302     0.234635     8.622041  0.314621
206  0.971711     0.230620     8.622041  0.314621
207  0.988962     0.222075     8.622041  0.314621
208  0.963766     0.234621     8.622041  0.314621
209  0.969298     0.231771     8.622041  0.314621
210  1.059468     0.188281     8.622041  0.314621
211  1.001585     0.215922     8.622041  0.314621
212  0.982248     0.225403     8.622041  0.314621
213  1.016521     0.208617     8.622041  0.314621
214  2.164033    -0.004511     2.298544 -2.854486
215  1.544294    -0.012856     8.169251 -0.202480
216  1.458808     0.018114     5.076211 -0.202480
217  1.932563    -0.049446     5.076211 -1.535251
218  1.889205    -0.030934     7.684231 -1.535001
219  2.403783     0.194380     5.549698  1.510147
220  0.705182     0.413594     9.621905  1.510147
221  2.516308    -0.003442     9.621905 -2.935205
222  0.685941     0.424147     9.621905  1.510147
223  0.695257     0.417931     9.621905  1.510147
224  0.692788     0.418138     9.621905  1.510147
225  1.601897     0.019380     0.100000 -3.000000
226  1.639167     0.025235     0.100000 -3.000000
227  1.764329    -0.020258     0.100000 -3.000000
228  0.589491     0.446838     9.162497  1.292543
229  0.589471     0.447547     9.162497  1.292543
230  0.582116     0.450969     9.162497  1.292543
231  0.650647     0.429119     9.446401  1.427018
232  0.652871     0.426797     9.446401  1.427018
233  0.639408     0.434012     9.446401  1.427018
234  0.688185     0.417325     9.555908  1.478887
235  0.663377     0.430366     9.555908  1.478887
236  0.684645     0.420639     9.555908  1.478887
237  0.704660     0.410549     9.586201  1.493235
238  0.693484     0.418855     9.586201  1.493235
239  0.695444     0.415742     9.586201  1.493235
240  0.675959     0.427212     9.603583  1.501469
241  0.703180     0.413724     9.603583  1.501469
242  0.701691     0.414157     9.603583  1.501469
243  0.702472     0.416012     9.619843  1.509170
244  0.715021     0.408498     9.619843  1.509170
245  0.692399     0.422038     9.619843  1.509170
246  0.691340     0.420761     9.621394  1.509905
247  0.696062     0.417402     9.621394  1.509905
248  0.696523     0.417227     9.621394  1.509905
249  0.692503     0.419932     9.621775  1.510085
250  0.691893     0.421416     9.621775  1.510085
251  0.695840     0.419173     9.621775  1.510085
252  0.692865     0.420218     9.621863  1.510127
253  0.689192     0.421214     9.621863  1.510127
254  0.710881     0.411247     9.621863  1.510127
255  0.709458     0.410813     9.621893  1.510141
256  0.700854     0.417142     9.621893  1.510141
257  0.690026     0.423365     9.621893  1.510141
258  0.687234     0.421246     9.621899  1.510144
259  0.693755     0.420074     9.621899  1.510144
260  0.701881     0.415414     9.621899  1.510144
261  0.696123     0.418737     9.621903  1.510146
262  0.703400     0.415364     9.621903  1.510146
263  0.695544     0.419659     9.621903  1.510146
264  0.685428     0.423158     9.621904  1.510147
265  0.689795     0.422650     9.621904  1.510147
266  0.696203     0.416588     9.621904  1.510147
267  0.707036     0.413347     9.621903  1.510145
268  0.696150     0.417165     9.621903  1.510145
269  0.696351     0.417542     9.621903  1.510145
270  0.684803     0.422464     9.621903  1.510146
271  0.708144     0.411444     9.621903  1.510146
272  0.703292     0.415269     9.621903  1.510146
273  0.689035     0.421277     9.621904  1.510146
274  0.703761     0.414511     9.621904  1.510146
275  0.684506     0.422916     9.621904  1.510146
276  0.702489     0.416626     9.621904  1.510146
277  0.697536     0.418666     9.621904  1.510146
278  0.683180     0.426674     9.621904  1.510146
279  0.689935     0.422862     9.621904  1.510146
280  0.700239     0.416012     9.621904  1.510146
281  0.707304     0.413823     9.621904  1.510147
282  0.694873     0.418212     9.621904  1.510147
283  0.698266     0.417355     9.621904  1.510147
284  0.687514     0.423328     9.621904  1.510147
285  0.702514     0.415274     9.621904  1.510147
286  0.703574     0.413995     9.621904  1.510147
287  0.692517     0.419191     9.621904  1.510147
288  0.704508     0.414960     9.621904  1.510147
289  0.697597     0.417887     9.621904  1.510147
290  0.698115     0.418471     9.621904  1.510147
291  0.702743     0.415969     9.621904  1.510147
292  0.695446     0.417977     9.621904  1.510147
293  0.704289     0.413626     9.621904  1.510147
294  2.118429    -0.037402     5.157865 -1.938728
295  2.566924    -0.007506     2.325927  0.677170
296  0.566181     0.451510     4.899645  0.677170
297  1.511493    -0.001928     4.899645 -0.274051
298  0.562267     0.454054     4.899645  0.677170
299  0.560301     0.455167     4.899645  0.677170
300  0.563968     0.452662     4.899645  0.677170
301  2.483901    -0.020876    10.000000 -3.000000
302  2.595546    -0.027261    10.000000 -3.000000
303  2.527543    -0.010956    10.000000 -3.000000
304  0.587821     0.438118     4.954975  0.637279
305  0.567206     0.451087     4.954975  0.637279
306  0.583339     0.440850     4.954975  0.637279
307  0.563745     0.452912     4.903757  0.674205
308  0.550022     0.461702     4.903757  0.674205
309  0.562903     0.453526     4.903757  0.674205
310  0.570802     0.448385     4.900026  0.676895
311  0.559175     0.456005     4.900026  0.676895
312  0.546533     0.464130     4.900026  0.676896
313  0.580218     0.442613     4.899849  0.677023
314  0.573011     0.447098     4.899849  0.677023
315  0.553302     0.459628     4.899849  0.677023
316  0.554407     0.458962     4.899759  0.677088
317  0.550906     0.461326     4.899759  0.677088
318  0.564613     0.452541     4.899759  0.677088
319  0.549866     0.461988     4.899657  0.677161
320  0.562978     0.453482     4.899657  0.677161
321  0.555033     0.458617     4.899657  0.677161
322  0.570698     0.448473     4.899648  0.677168
323  0.576559     0.444728     4.899648  0.677168
324  0.549876     0.461872     4.899648  0.677168
325  0.582511     0.441321     4.899656  0.677162
326  0.550510     0.461540     4.899656  0.677162
327  0.576851     0.444556     4.899656  0.677162
328  0.574227     0.446150     4.899656  0.677162
329  0.557123     0.457317     4.899656  0.677162
330  0.537107     0.470220     4.899656  0.677162
331  0.556364     0.457706     4.899657  0.677161
332  0.560312     0.455324     4.899657  0.677161
333  0.554816     0.458768     4.899657  0.677161
334  0.536114     0.470867     4.899649  0.677166
335  0.553377     0.459549     4.899649  0.677166
336  0.535157     0.471463     4.899649  0.677166
337  0.552133     0.460493     4.899617  0.677183
338  0.570889     0.448573     4.899617  0.677183
339  0.568345     0.449988     4.899617  0.677183
340  0.562220     0.453993     4.899641  0.677170
341  0.564590     0.452461     4.899641  0.677170
342  0.552440     0.460216     4.899641  0.677170
343  0.555270     0.458415     4.899647  0.677167
344  0.566509     0.451145     4.899647  0.677167
345  0.564004     0.452814     4.899647  0.677167
346  0.550649     0.461472     4.899649  0.677166
347  0.540794     0.467751     4.899649  0.677166
348  0.560983     0.454737     4.899649  0.677166
349  0.562806     0.453597     4.899649  0.677166
350  0.547559     0.463304     4.899649  0.677166
351  0.581031     0.442082     4.899649  0.677166
352  1.508984    -0.002073     3.677027 -0.322862
353  0.560605     0.455388     8.949513  0.768307
354       NaN          NaN     0.322640  0.768307
355  1.915119    -0.020891     8.949513 -1.449434
356  0.562236     0.454238     8.949513  0.768307
357  0.574653     0.446136     8.949513  0.768307
358  0.564177     0.452818     8.949513  0.768307
359  1.661029     0.008269     0.100000 -3.000000
360  1.717147    -0.001574     0.100000 -3.000000
361  1.629734     0.014450     0.100000 -3.000000
362  0.929514     0.251369     7.972881  0.352437
363  0.904962     0.263793     7.972881  0.352437
364  0.913569     0.259256     7.972881  0.352437
365  0.707378     0.369617     8.416603  0.541383
366  0.682415     0.384000     8.416603  0.541383
367  0.669343     0.391361     8.416603  0.541383
368  0.633111     0.412137     8.653817  0.642394
369  0.604029     0.429994     8.653817  0.642394
370  0.644092     0.405309     8.653817  0.642394
371  0.588553     0.438543     8.791348  0.700957
372  0.574920     0.447312     8.791348  0.700957
373  0.579980     0.443959     8.791348  0.700957
374  0.565722     0.452576     8.867847  0.733532
375  0.579003     0.443996     8.867847  0.733532
376  0.571023     0.449113     8.867847  0.733532
377  0.554115     0.459512     8.933365  0.761431
378  0.553954     0.459734     8.933365  0.761431
379  0.574567     0.446579     8.933365  0.761431
380  0.565090     0.452569     8.945562  0.766625
381  0.562835     0.453602     8.945562  0.766625
382  0.562693     0.453884     8.945562  0.766625
383  0.547218     0.463751     8.948024  0.767673
384  0.548312     0.463104     8.948024  0.767673
385  0.571895     0.448049     8.948024  0.767673
386  0.551466     0.461187     8.949182  0.768167
387  0.556913     0.457469     8.949182  0.768167
388  0.552270     0.460556     8.949182  0.768167
389  0.564988     0.452273     8.949424  0.768269
390  0.546268     0.464502     8.949424  0.768269
391  0.564210     0.453141     8.949424  0.768269
392  0.578254     0.444166     8.949466  0.768287
393  0.576582     0.445231     8.949466  0.768287
394  0.548042     0.463487     8.949466  0.768287
395  0.548306     0.463205     8.949489  0.768297
396  0.577640     0.444536     8.949489  0.768297
397  0.560105     0.455593     8.949489  0.768297
398  0.571184     0.448549     8.949510  0.768306
399  0.566137     0.451798     8.949510  0.768306
400  0.553133     0.460118     8.949510  0.768306
401  0.567677     0.450721     8.949511  0.768307
402  0.558329     0.456532     8.949511  0.768307
403  0.550863     0.461487     8.949511  0.768307
404  0.582051     0.441694     8.949512  0.768307
405  0.540891     0.467686     8.949512  0.768307
406  0.556200     0.458026     8.949512  0.768307
407  0.554469     0.459167     8.949512  0.768307
408  0.578384     0.444021     8.949512  0.768307
409  0.558280     0.456846     8.949512  0.768307
410  0.591957     0.435562     8.949512  0.768307
411  0.559403     0.456102     8.949512  0.768307
412  0.540084     0.468601     8.949512  0.768307
413  0.551261     0.461177     8.949512  0.768307
414  0.566839     0.451192     8.949512  0.768307
415  0.570211     0.449086     8.949512  0.768307
416  0.549933     0.462045     8.949512  0.768307
417  0.561932     0.454444     8.949512  0.768307
418  0.580249     0.442804     8.949512  0.768307
419  1.804405    -0.049457     6.590757 -1.156273
420  1.500016     0.002482     4.933602 -0.263581
421  1.554450     0.017265     0.459720 -0.263581
422  1.708738    -0.028374     0.459720 -2.001248
423  1.742024    -0.048713     7.588587 -0.955573
424  1.281285     0.089725     4.919154 -0.060939
425  1.412208     0.035811     5.970010 -0.060939
426  2.560187    -0.027713     5.970010 -2.928509
427  3.248884     0.087620     9.148242  2.854633
428  1.649865    -0.052068     8.053534 -0.223491
429  1.436399     0.026323     4.043708 -0.223491
430  1.648795    -0.026234     4.043708 -1.050076
431  1.650902    -0.048786     4.634171 -0.546529
432  2.889098     0.130371     8.534058  2.300987
433  1.547462     0.194747     4.998225  2.300987
434  2.242961     0.120102     4.998225  2.771797
435  0.521347     0.482201     6.970523  1.045466
436  0.724889     0.359525     5.302835  0.404381
437  0.738376     0.351239     4.655768  0.404381
438  3.208019     0.111113     4.655768  1.600236
439  0.522696     0.481514     6.970523  1.045466
440  0.523461     0.480902     6.970523  1.045466
441  0.525055     0.480102     6.970523  1.045466
442  1.663779     0.002535     0.100000 -3.000000
443  1.630280     0.019670     0.100000 -3.000000
444  1.888211    -0.027703     0.100000 -3.000000
445  0.517390     0.483522     6.897506  1.002473
446  0.511849     0.486748     6.897506  1.002473
447  0.521728     0.480612     6.897506  1.002473
448  0.517196     0.483997     6.932598  1.023135
449  0.512699     0.486496     6.932598  1.023135
450  0.529764     0.475899     6.932598  1.023135
451  0.523683     0.480403     6.963494  1.041327
452  0.514471     0.486319     6.963494  1.041327
453  0.525586     0.479142     6.963494  1.041327
454  0.521923     0.482042     6.966587  1.043149
455  0.518539     0.483747     6.966587  1.043149
456  0.519877     0.482885     6.966587  1.043149
457  0.511942     0.488857     6.968393  1.044212
458  0.509397     0.490156     6.968393  1.044212
459  0.519880     0.482784     6.968393  1.044212
460  0.529665     0.476869     6.970071  1.045200
461  0.535011     0.473466     6.970071  1.045200
462  0.526261     0.478847     6.970071  1.045200
463  0.510597     0.489078     6.970445  1.045420
464  0.539565     0.470559     6.970445  1.045420
465  0.507714     0.490883     6.970445  1.045420
466  0.529621     0.477614     6.970520  1.045464
467  0.513828     0.486979     6.970520  1.045464
468  0.513488     0.487450     6.970520  1.045464
469  0.523450     0.481125     6.970521  1.045465
470  0.526756     0.478638     6.970521  1.045465
471  0.516933     0.485663     6.970521  1.045465
472  0.518399     0.484024     6.970522  1.045466
473  0.532863     0.474855     6.970522  1.045466
474  0.516447     0.485648     6.970522  1.045466
475  0.515987     0.485506     6.970522  1.045465
476  0.522337     0.481818     6.970522  1.045465
477  0.531448     0.475445     6.970522  1.045465
478  0.520389     0.483271     6.970522  1.045465
479  0.513201     0.487092     6.970522  1.045465
480  0.539890     0.470417     6.970522  1.045465
481  0.533344     0.474350     6.970522  1.045465
482  0.529358     0.477179     6.970522  1.045465
483  0.522407     0.481551     6.970522  1.045465
484  0.517047     0.485272     6.970522  1.045465
485  0.518866     0.483514     6.970522  1.045465
486  0.525552     0.479421     6.970522  1.045465
487  1.598464     0.037110     0.100000 -3.000000
488  1.739573    -0.006715     0.100000 -3.000000
489  1.714870     0.001564     0.100000 -3.000000
490  0.493384     0.498524     6.863052  0.982186
491  0.505837     0.490258     6.863052  0.982186
492  0.504573     0.490889     6.863052  0.982186
493  0.512860     0.487217     6.957416  1.037749
494  0.512083     0.487634     6.957416  1.037749
495  0.504713     0.492450     6.957416  1.037749
496  0.523546     0.480135     6.964305  1.041805
497  0.531830     0.475263     6.964305  1.041805
498  0.523674     0.481078     6.964305  1.041805
499  0.522024     0.481642     6.969316  1.044755
500  0.525200     0.479286     6.969316  1.044755
501  0.519732     0.483063     6.969316  1.044755
502  0.524404     0.480566     6.970170  1.045258
503  0.524979     0.479680     6.970170  1.045258
504  0.532105     0.475392     6.970170  1.045258
505  0.537187     0.471613     6.970439  1.045417
506  0.512384     0.487620     6.970439  1.045417
507  0.536288     0.473287     6.970439  1.045417
508  0.531678     0.476008     6.970476  1.045438
509  0.522923     0.480771     6.970476  1.045438
510  0.520911     0.482959     6.970476  1.045438
511  0.527807     0.478626     6.970497  1.045451
512  0.523651     0.481036     6.970497  1.045451
513  0.523861     0.480748     6.970497  1.045451
514  0.515313     0.486269     6.970509  1.045458
515  0.526375     0.478950     6.970509  1.045458
516  0.518303     0.483572     6.970509  1.045458
517  0.522179     0.481479     6.970520  1.045464
518  0.520577     0.482175     6.970520  1.045464
519  0.530712     0.476649     6.970520  1.045464
520  0.523026     0.481240     6.970521  1.045465
521  0.512437     0.487773     6.970521  1.045465
522  0.520584     0.482580     6.970521  1.045465
523  0.534225     0.473908     6.970522  1.045465
524  0.523303     0.480509     6.970522  1.045465
525  0.499611     0.496268     6.970522  1.045465
526  0.535365     0.473886     6.970522  1.045465
527  0.507321     0.491792     6.970522  1.045465
528  0.523722     0.480711     6.970522  1.045465
529  0.522112     0.481723     6.970522  1.045465
530  0.529012     0.477046     6.970522  1.045465
531  0.520769     0.482227     6.970522  1.045465
532  0.509965     0.489866     6.970522  1.045465
533  0.525338     0.479688     6.970522  1.045465
534  0.509448     0.489405     6.970522  1.045465
535  0.515132     0.486290     6.970522  1.045465
536  0.530007     0.477600     6.970522  1.045465
537  0.526045     0.478914     6.970522  1.045465
538  0.524340     0.480641     6.970522  1.045465
539  0.516116     0.485311     6.970522  1.045465
540  0.530636     0.476690     6.970522  1.045465
541  0.521656     0.481756     6.970522  1.045465
542  0.522512     0.481396     6.970522  1.045465
543  0.506002     0.492284     6.970522  1.045465
544  0.510107     0.489173     6.970522  1.045465
545  0.516621     0.485421     6.970522  1.045465
546  0.516131     0.485663     6.970522  1.045465
547  1.727236    -0.013789     0.100000 -3.000000
548  1.704829    -0.004349     0.100000 -3.000000
549  1.710051     0.004724     0.100000 -3.000000
550  1.774205    -0.068581     3.150441 -1.203855
551  1.726962    -0.034972     3.150441 -1.203855
552  1.684726    -0.026058     3.150441 -1.203855
553  1.530252    -0.009979     4.774952 -0.247319
554  1.509247    -0.001497     4.774952 -0.247319
555  1.426029     0.031192     4.774952 -0.247319
556  0.836099     0.299455     5.712753  0.304872
557  0.873218     0.279872     5.712753  0.304872
558  0.881882     0.275579     5.712753  0.304872
559  0.525298     0.477782     6.888275  0.997037
560  0.510483     0.487298     6.888275  0.997037
561  0.513872     0.485483     6.888275  0.997037
562  0.507385     0.489875     6.925974  1.019235
563  0.500311     0.494640     6.925974  1.019235
564  0.511525     0.487454     6.925974  1.019235
565  0.516441     0.484774     6.952033  1.034579
566  0.528331     0.477640     6.952033  1.034579
567  0.511226     0.488005     6.952033  1.034579
568  0.521241     0.482041     6.966416  1.043048
569  0.515308     0.486136     6.966416  1.043048
570  0.529377     0.476835     6.966416  1.043048
571  0.521974     0.482005     6.969073  1.044613
572  0.514978     0.486085     6.969073  1.044613
573  0.518988     0.484179     6.969073  1.044613
574  0.514140     0.486936     6.969823  1.045054
575  0.521500     0.482469     6.969823  1.045054
576  0.510971     0.489256     6.969823  1.045054
577  0.513879     0.486809     6.970343  1.045360
578  0.532766     0.475083     6.970343  1.045360
579  0.528031     0.478302     6.970343  1.045360
580  0.518859     0.484318     6.970499  1.045452
581  0.522035     0.481703     6.970500  1.045452
582  0.521823     0.481816     6.970499  1.045452
583  0.520854     0.482790     6.970516  1.045462
584  0.510971     0.488887     6.970516  1.045462
585  0.535329     0.473574     6.970516  1.045462
586  0.548019     0.465833     6.970520  1.045464
587  0.527128     0.478002     6.970520  1.045464
588  0.518186     0.484613     6.970520  1.045464
589  0.525738     0.479539     6.970521  1.045465
590  0.526135     0.479143     6.970521  1.045465
591  0.506208     0.492524     6.970521  1.045465
592  0.526672     0.478467     6.970521  1.045465
593  0.513579     0.487455     6.970521  1.045465
594  0.512482     0.487790     6.970521  1.045465
595  0.536614     0.473028     6.970521  1.045465
596  0.531974     0.475649     6.970522  1.045465
597  0.515171     0.486189     6.970521  1.045465
598  0.517596     0.485011     6.970522  1.045465
599  0.521774     0.482369     6.970522  1.045465
600  0.517849     0.484166     6.970522  1.045465
601  0.533648     0.473959     6.970522  1.045465
602  0.533565     0.474742     6.970522  1.045465
603  0.535098     0.473392     6.970522  1.045465
604  0.525654     0.479483     6.970522  1.045465
605  0.525178     0.479912     6.970522  1.045465
606  0.522712     0.481500     6.970522  1.045465