error: 0.63 | highest correlation: nan
best global temp: 6.6405645599808345 | best alpha: 0.8376799642137485 | best average temperature: 1.97
time scale: <class 'ising.Jij_sorted_ising'> | partial correlation: False

        error  correlation  global temp     alpha
0    2.893336     0.142561     4.228518  1.321947
1    2.740490     0.126552     3.288842  2.762276
2    1.751840    -0.049430     2.148365 -1.378200
3    1.989461    -0.042332     8.877969 -1.378200
4    1.061627     0.314545     8.877969  1.606750
5    3.221062    -0.056731     2.367706  0.796487
6    1.339797     0.065619     5.877016 -0.040881
7    1.483322     0.008179     7.489986 -0.040881
8    1.367093     0.054538     7.489986  0.031085
9         NaN          NaN     0.192079  2.033178
10   1.684558    -0.029662     0.848278  0.553064
11   0.794131     0.318994     4.562902  0.553064
12   1.569282     0.186291     4.562902  2.251617
13   2.088959     0.017892     1.957341 -2.627802
14   2.086853     0.046028     9.175496 -2.561659
15   2.084998     0.004399     3.304789 -2.561659
16   1.964521     0.000125     3.304789 -2.285531
17   1.537475    -0.012312     5.430550 -0.216608
18   1.283605     0.207665     4.304926  2.031699
19   1.106491     0.222674     5.044679  2.031699
20   0.943485     0.269972     5.044679  1.894547
21   1.687237    -0.021868     0.580640 -1.554328
22   0.688435     0.380686     7.648701  1.061570
23   0.672299     0.391318     7.419589  1.061570
24   1.914113    -0.002429     7.419589 -1.539388
25   2.294586    -0.011318     6.196967 -2.539415
26   1.719313    -0.038869     1.569452 -1.448246
27   1.768739    -0.041352     2.842579 -1.448246
28   2.758225     0.122519     2.842579  2.334013
29   2.123311    -0.010549     0.483824  0.409433
30   1.759303     0.015212     3.720005 -1.675865
31   1.661526    -0.022188     1.094367 -1.675865
32   1.675624    -0.023057     1.094367 -0.621105
33   2.493492    -0.035059     8.388728 -2.751677
34   3.605244     0.046790     1.308411  2.168006
35   2.909187     0.145594     7.033119  2.168006
36   2.380314     0.007538     7.033119 -2.937360
37   1.129742     0.328745     4.244478  0.980166
38   2.558189     0.112147     3.649151  2.412476
39   3.118928     0.124829     7.036493  2.412476
40   1.058102     0.188783     7.036493  0.288384
41   1.635873    -0.036771     7.660985 -0.538201
42   1.558415    -0.016745     7.070523 -0.228664
43   1.515105    -0.002799     5.587972 -0.228664
44   1.545292    -0.014474     5.587972 -0.228777
45   1.612156    -0.025088     8.417162 -0.541413
46   1.738053    -0.009852     0.489459 -2.267744
47   2.219291    -0.018169     7.787084 -2.267744
48   2.403337    -0.023987     7.787084 -2.719672
49   0.909730     0.264649     1.398109  0.423759
50   2.048286    -0.013471     8.416357 -1.993604
51   1.955526    -0.015183     4.588237 -1.993604
52   1.493202     0.005263     4.588237 -0.274443
53   1.541488    -0.014283     4.422804 -0.279274
54   0.665822     0.395210     6.248266  0.959320
55   2.506312    -0.049981     1.048773  0.959320
56   1.589675    -0.030401     6.248266 -0.252811
57   2.249353    -0.020951     5.007387 -2.507688
58   1.999341    -0.040957     7.610248 -1.503001
59   1.736288     0.008224     7.336207 -1.503001
60   1.898029     0.226330     7.336207  1.687227
61   0.836200     0.296738     4.441231  0.486408
62        NaN          NaN     0.605894  1.833364
63   3.265126    -0.048070     0.271370  0.486408
64   1.878253    -0.020964     4.441231 -1.738110
65   2.570530     0.113975     4.611904  2.975833
66   1.742494    -0.059697     9.746691 -0.692627
67   1.641516    -0.044841     2.565723 -0.692627
68   1.835819    -0.048707     2.565723 -1.531075
69   2.732433     0.127587     2.431043  2.260335
70        NaN          NaN     0.919261  2.845755
71   1.738505     0.000385     3.307754 -1.531075
72   1.514320    -0.002781     3.307754 -0.409492
73   0.926186     0.252688     6.695480  0.369553
74   2.414799    -0.023307     4.162546 -2.851241
75   0.982694     0.224560     6.957909  0.369553
76   2.680295     0.162900     6.957909  1.934722
77   1.715426    -0.019029     9.152920 -0.932416
78   1.781902    -0.012522     2.091433  0.298562
79   1.373824     0.066506     2.767666  0.369553
80   2.787089     0.123383     2.767666  2.300498
81   2.602470     0.171060     5.461788  1.541286
82   1.791158    -0.046398     2.619817 -1.439605
83   1.033275     0.200497     9.581107  0.369553
84   1.270422     0.094578     9.581107  0.183245
85   0.680630     0.384199     9.711556  1.134978
86   3.051926     0.105037     2.986810  2.996342
87   0.687938     0.385093     8.017189  1.134978
88   1.503682     0.001523     8.017189 -0.095995
89        NaN          NaN     0.358008  1.358408
90   2.045506    -0.016195     3.701158 -2.176105
91   3.550537     0.043719     1.013521  1.134978
92   1.611287    -0.028643     8.017189 -0.494496
93   1.547132    -0.013058     2.674908 -0.594371
94   1.655787    -0.046157     7.128883 -0.480289
95   3.342741     0.032161     1.223081  1.134978
96   0.636929     0.406850     8.017189  0.905424
97   1.820856     0.120132     3.866394  1.935324
98   1.713228    -0.046980     5.497530 -0.884410
99   0.659109     0.394772     6.792970  0.905424
100  1.462511     0.016995     6.792970 -0.090842
101       NaN          NaN     0.922008  2.650126
102  1.813776    -0.049432     6.131917 -1.035018
103  1.422724     0.199173     3.861386  0.905424
104  1.553708     0.175855     6.792970  2.870044
105  2.314637     0.013636     9.600152 -2.404501
106       NaN          NaN     0.718800  1.786683
107  2.611155     0.001849     0.926563  0.905424
108  2.712742     0.141878     6.792970  2.407174
109  2.109513     0.208144     7.207823  1.719580
110  0.941198     0.331185     7.172658  1.351576
111  0.646130     0.401456     7.910332  0.905424
112  2.759095     0.156258     7.910332  2.188851
113  1.945227     0.013406     5.708537 -1.997808
114  2.856507     0.125362     1.704785  1.661786
115  1.029187     0.204255     2.044749  0.905424
116  0.894701     0.337040     7.910332  1.397149
117  1.471747     0.013924     0.456492 -1.190393
118  1.387423     0.044570     2.934684 -0.147232
119  1.176792     0.258288     4.033725  0.905424
120  0.674331     0.385058     7.910332  0.837680
121  2.767818     0.153310     9.813011  2.597126
122  0.970041     0.300533     7.465968  2.654682
123  0.832819     0.303570     2.313975  0.837680
124  1.746805     0.005386     2.313975 -1.703923
125  1.625833     0.187927     4.875552  2.398383
126  3.079666     0.130050     6.012996  2.105496
127  0.684102     0.379486     7.317069  0.837680
128  1.971560    -0.012302     7.317069 -1.820935
129  3.873437    -0.001194     1.061417  2.602095
130  1.290410     0.085856     7.936521  0.149287
131  0.853035     0.293144     2.225136  0.837680
132  1.820457    -0.025915     2.225136 -1.873577
133       NaN          NaN     0.720263  2.137015
134  1.052537     0.262574     7.177249  2.566203
135  0.658733     0.394268     8.079607  0.837680
136  2.398793    -0.012196     8.079607 -2.919594
137  2.481085     0.092386     3.777315  2.197141
138  2.744399    -0.052379     1.983654  0.577559
139  1.142427     0.226401     3.909845  0.837680
140  2.324648    -0.012302     8.079607 -2.400986
141  3.116921     0.124662     6.804152  2.402839
142  1.056812     0.187427     3.483050  0.312289
143  0.665102     0.392516     5.668391  0.837680
144  3.116995     0.127469     5.668391  2.067935
145  2.131383     0.011998     9.581629 -2.417385
146  1.655566    -0.039909     7.226928 -0.605901
147  0.670238     0.389994     5.577652  0.837680
148  2.415907     0.186721     5.577652  1.511283
149  1.689319     0.019505     1.429440 -1.848139
150  1.472778     0.011397     3.141422 -0.259101
151  0.643601     0.403265     7.279485  0.837680
152  1.621159    -0.018868     7.279485 -0.673776
153  2.608694     0.109480     3.339440  2.244946
154  2.988006     0.098813     2.297269  2.387252
155  0.689252     0.376520     9.523640  0.837680
156  1.203494     0.123110     7.279485  0.194282
157  1.915883    -0.035990     4.033657 -1.703105
158  2.234551    -0.031856     2.467212  0.594463
159  0.672045     0.386496     8.385617  0.837680
160  1.597806    -0.017618     8.385617 -0.607282
161  2.697532     0.117754     3.851314  2.728679
162  1.808401     0.031211     1.798389 -2.061832
163  0.630475     0.411050     6.640565  0.837680
164  1.844276     0.233976     6.640565  1.554022
165  2.380482    -0.001551     7.967651 -2.879495
166  0.737801     0.380051     5.295350  0.993924
167  0.659375     0.395597     5.859923  0.837680
168  0.738004     0.350025     5.859923  0.625101
169  0.734975     0.352288     5.856287  0.576031
170  3.038374     0.124123     9.175479  2.990537
171  0.812616     0.309215     4.340627  0.576031
172  1.540090    -0.011929     4.340627 -0.368076
173  1.333114     0.067335     2.828991 -0.175760
174  2.061439     0.084714     2.477790  1.471757
175  0.737087     0.350995     5.857702  0.576031
176  0.817752     0.307807     5.857702  0.476548
177  3.270927     0.104071     7.882100  2.998846
178  2.157099     0.025447     7.564117 -2.598209
179  1.480803     0.047709     2.814431  0.476548
180  2.958941     0.132466     5.857702  2.132443
181  1.594865    -0.032871     4.948862 -0.325198
182  1.398904     0.207413     5.866542  2.575056
183  0.828971     0.302469     8.108268  0.476548
184  2.526377     0.175230     8.108268  2.074392
185  0.659490     0.393299     9.204882  0.902542
186  2.074032    -0.010912     1.553035 -2.777042
187  0.641358     0.406169     6.335556  0.902542
188  2.011450    -0.028268     6.335556 -1.770454
189  1.997038    -0.029296     6.394498 -1.787225
190  0.716968     0.372859     8.271021  1.188370
191  1.369788     0.217944     3.847308  0.902542
192  2.880128     0.147164     6.335556  1.914117
193  1.591738    -0.010209     1.454992 -0.386305
194  1.870641    -0.043949     6.739222 -1.283421
195  0.657947     0.396078     6.389890  0.902542
196  2.761562     0.158491     6.389890  1.849761
197  2.699219     0.162269     5.150136  1.507123
198  2.711837     0.158721     8.887204  2.365880
199  3.949446    -0.020101     0.612030  0.902542
200  0.676667     0.393094     6.389890  1.022903
201  1.323448     0.072254     7.068787  0.065575
202  1.697420    -0.007341     2.002076 -1.581384
203  0.697948     0.372748     8.588358  1.022903
204  1.144523     0.149288     8.588358  0.254533
205       NaN          NaN     0.972472  2.296968
206  2.086086     0.004642     9.316478 -1.933609
207  1.180192     0.132536     1.889581  1.022903
208  1.905342     0.000666     8.588358 -1.526540
209  1.970870    -0.003147     7.747686 -1.726913
210  1.804276     0.002044     2.189158 -1.937729
211  2.588076     0.187708     3.254700  1.022903
212  2.212322    -0.007550     8.588358 -2.278317
213       NaN          NaN     1.101376  1.832817
214  2.556813     0.173784     7.619821  1.980999
215  0.856335     0.366501     4.898266  1.022903
216  1.597932    -0.004727     8.588358 -0.775578
217  0.879245     0.326616     4.437104  0.902341
218  2.996192     0.128492     8.959174  2.875008
219  1.676740     0.122340     1.234266  1.022903
220  2.314476     0.004377     8.588358 -2.605024
221  1.679272     0.022149     7.678441 -1.292954
222  2.180969     0.014957     9.690015 -2.315593
223  0.671141     0.396135     6.372569  1.022903
224  0.753743     0.378833     6.372569  1.154931
225  1.572420    -0.019417     9.529437 -0.217644
226  2.368039    -0.028061     4.813987 -2.710629
227  0.667909     0.390690     7.847506  1.022903
228  2.384625    -0.005275     7.847506 -2.787241
229  1.225972     0.112629     4.386385  0.077667
230  0.893570     0.346076     6.778597  1.279023
231  1.579139     0.302540     3.971715  1.022903
232  1.570430    -0.022151     7.847506 -0.226056
233  0.800856     0.346955     4.608143  0.888104
234  1.979851     0.219855     6.653620  1.586526
235  1.720088     0.288111     3.863796  1.022903
236  1.126789     0.157136     7.847506  0.295385
237  0.872918     0.283152     2.113727  0.822555
238  1.646215    -0.038814     6.026300 -0.665524
239  1.191673     0.333312     4.342342  1.022903
240  1.856524     0.181956     7.847506  2.994914
241  3.353153     0.063613     1.434849  1.552206
242  2.143241     0.012565     4.530488 -2.833435
243  0.744081     0.381371     5.396337  1.022903
244  1.612373    -0.033698     7.847506 -0.335117
245  2.572630    -0.030167     8.656990 -2.748065
246  2.069703    -0.029360     6.677859 -1.801303
247  0.655063     0.397576     8.037859  1.022903
248  0.918607     0.256434     8.037859  0.409362
249  1.983139    -0.013743     4.826331 -1.913151
250  1.034221     0.323419     7.030070  1.380174
251  0.948287     0.366056     4.624752  1.022903
252  2.199550    -0.016613     8.037859 -2.103701
253  2.019611    -0.014386     8.051295 -1.847985
254  2.343043     0.189117     9.718966  2.264816
255  0.944253     0.356967     4.694602  1.022903
256  1.671777    -0.052615     8.037859 -0.426453
257  2.135758    -0.014495     5.175540 -2.081831
258  2.480580    -0.024995     5.166018 -2.958690
259  1.213704     0.117443     1.889364  1.022903
260  0.850476     0.332069     8.037859  2.620341
261  1.528338     0.121096     3.508668  1.713923
262  1.659585    -0.016748     8.057170 -0.808927
263  3.220004     0.005992     1.079492  1.022903
264  2.667967     0.164241     8.037859  2.153149
265  1.039150     0.197352     5.397400  0.274125
266  2.122316     0.211889     5.833324  1.480433
267  0.675072     0.384743     9.443550  1.022903
268  1.827900    -0.035260     9.443550 -1.237595
269  2.109174    -0.036188     7.432982 -1.922799
270  0.704402     0.368720     8.440166  0.733780
271  0.673365     0.387840     7.665098  1.022903
272  1.453862     0.271996     7.665098  1.605393
273       NaN          NaN     0.419504  2.903101
274  2.696590     0.120322     3.030428  2.368379
275  0.964750     0.358795     4.644084  1.022903
276  1.693020    -0.005641     7.665098 -1.110567
277  1.917450    -0.022852     3.997197 -1.812585
278  1.289597     0.086687     7.330643  0.068226
279  2.289212     0.222309     3.468570  1.022903
280  0.724675     0.370867     7.665098  1.172975
281  3.337908     0.086154     1.512249  1.818428
282  1.605083     0.013612     0.228441 -2.486931
283  0.671264     0.387716     8.422484  1.022903
284  1.729581    -0.063112     8.422484 -0.591327
285  1.969670     0.221169     7.881333  1.786855
286  1.454407     0.272024     9.335609  1.824413
287  0.684164     0.379641     9.415091  1.022903
288  2.178806     0.010382     9.415091 -2.157166
289  1.239479     0.161892     3.907484  1.647730
290  2.404340     0.120537     3.711844  2.499614
291  1.940321     0.020116     1.293254  1.022903
292  1.511945     0.000269     9.415091 -0.126517
293  2.821055     0.152345     7.414820  2.131517
294  2.685948    -0.009646     0.496616  0.608021
295  0.681746     0.381770     8.605976  1.022903
296  2.273464    -0.032363     8.605976 -2.433042
297  2.902681     0.142145     8.160171  2.401525
298  3.057847     0.095959     2.204053  2.360838
299  2.108284     0.089012     1.205520  1.022903
300  2.073472     0.020952     8.605976 -2.380837
301       NaN          NaN     1.018721  2.555022
302  1.686632     0.246476     9.591664  1.931019
303       NaN          NaN     0.682392  1.022903
304  2.096983     0.027244     8.605976 -2.464517
305  1.411403     0.035460     3.017756 -0.226482
306  1.850103     0.232257     8.891922  1.896896
307  0.698009     0.391327     5.805012  1.022903
308  1.708616    -0.042913     5.805012 -0.871703
309  2.267317    -0.031275     8.745957 -2.311681
310  0.972392     0.229763     6.822494  0.357133
311  1.405494     0.308914     4.132363  1.022903
312  3.046830     0.130086     5.805012  2.037864
313  2.196585     0.011768     3.265940 -2.906492
314  0.772246     0.356208     9.519127  1.386497
315  0.883690     0.275859     2.651671  1.022903
316  1.564222    -0.017828     5.805012 -0.396669
317  1.654947    -0.046902     2.298627 -0.910222
318  1.068140     0.182198     3.420439  0.280392
319       NaN          NaN     0.221334  1.022903
320  0.678839     0.384207     5.805012  0.598706
321  2.375332    -0.023140     6.402529 -2.915608
322  0.799589     0.317494     5.767088  0.491521
323  0.720862     0.359850     5.428636  0.598706
324  0.667918     0.394815     5.805012  0.927818
325  1.903008     0.001330     2.781253 -1.904382
326  1.719995    -0.022002     1.372222  0.024718
327  0.673230     0.385503     8.682400  0.927818
328  0.805465     0.314567     8.682400  0.548900
329  2.491384     0.104202     4.597122  2.934440
330  1.262536     0.220738     4.966264  2.194988
331  0.991601     0.317658     4.247095  0.927818
332  1.922349    -0.053858     8.682400 -1.306057
333       NaN          NaN     0.540320  2.190477
334  1.608019    -0.019483     6.252061 -0.715453
335  0.837875     0.344521     4.622731  0.927818
336  0.740258     0.349708     8.682400  0.632121
337  2.766106     0.157370     4.447247  1.342603
338  3.131462     0.112184     7.433396  2.891970
339  1.341391     0.061653     1.584978  0.927818
340  2.421311     0.021321     8.682400 -2.915633
341  2.240558     0.028138     7.808388 -2.859825
342  1.776129     0.026847     0.528526 -2.774923
343       NaN          NaN     0.359256  0.927818
344  2.032325    -0.010597     8.682400 -1.779136
345  1.582693    -0.026305     8.542241 -0.207329
346  3.848834    -0.012806     0.740679  0.927529
347  0.653084     0.397614     7.618496  0.927818
348  2.777352     0.156945     7.618496  2.148516
349  2.826976     0.132583     1.962498  1.704854
350  2.631411    -0.017460     0.208548  0.193183
351  4.004385    -0.033655     0.632057  0.927818
352  1.605956    -0.034047     7.618496 -0.257597
353  2.811553     0.150107     7.589051  2.142162
354  2.258812     0.011253     5.829683 -2.774207
355       NaN          NaN     0.465023  0.927818
356  0.660812     0.392953     7.618496  0.860499
357  2.081448    -0.017675     8.954060 -1.956694
358  1.066657     0.184673     6.352392  0.281214
359  0.673755     0.390478     5.331548  0.860499
360  1.868635     0.160938     5.331548  2.699138
361  2.139926     0.024870     7.733863 -2.593596
362  1.491125     0.012294     1.730038 -0.336695
363  1.238323     0.214238     3.872959  0.860499
364  1.923346    -0.001201     5.331548 -1.885427
365  2.150072     0.108062     2.865366  1.713894
366  1.460832     0.015725     3.727185 -0.220480
367  1.332092     0.190776     3.841980  0.860499
368  1.518565    -0.004317     5.331548 -0.258750
369  1.910756     0.000878     1.886570 -2.421882
370  2.815698     0.148304     5.312227  1.649910
371  0.810586     0.315110     2.425651  0.860499
372  2.201286     0.131522     5.331548  2.912044
373  1.638103    -0.026520     1.345168 -1.359638
374  1.071658     0.345370     4.620471  1.049421
375  0.673970     0.385090     8.567252  0.860499
376  1.740924    -0.052810     8.567252 -0.770602
377  2.739276     0.160802     5.939329  1.715847
378  1.587842    -0.018335     2.857943 -0.883529
379  2.176869    -0.013328     2.664538  0.860499
380  2.324514    -0.010390     8.567252 -2.687873
381  2.029213    -0.036311     9.103832 -1.602290
382  2.331019    -0.035257     2.934527 -2.734441
383  0.753589     0.357429     4.730614  0.860499
384  2.783211     0.150333     8.567252  2.387439
385  2.932664     0.093842     1.830626  1.722262
386  1.806920    -0.013561     4.064824 -1.548225
387  1.239588     0.213752     3.873210  0.860499
388  1.630806    -0.037520     8.567252 -0.388821
389  1.574236    -0.015367     6.721003 -0.554119
390  1.973301    -0.050661     6.572575 -1.582230
391  0.705947     0.375326     5.085612  0.860499
392  2.827885     0.147751     8.567252  2.393389
393  2.175939     0.022788     5.749355 -2.801786
394  1.306740     0.077966     3.181679 -0.106096
395  0.684902     0.378900     9.744595  0.860499
396  1.891694    -0.029226     8.567252 -1.307387
397  1.520947    -0.004233     4.360327 -0.376031
398  1.009341     0.213616     2.209759  0.929871
399  0.749569     0.356963     4.825986  0.860499
400  2.857348     0.145767     8.567252  2.440265
401  0.919457     0.355049     5.541774  1.145876
402  1.605992    -0.022297     9.262603 -0.497953
403  2.959146    -0.027578     2.864337  0.860499
404  1.891925    -0.026984     8.567252 -1.511060
405  2.345070    -0.036131     8.576667 -2.441729
406  1.309355     0.077150     5.810346  0.100053
407  0.667596     0.390309     6.100209  0.860499
408  1.473802     0.011500     6.100209 -0.054343
409  0.682221     0.381637     9.287915  1.066917
410  1.758256    -0.021062     6.252121 -1.189243
411  0.669880     0.387623     9.407881  0.860499
412  0.760959     0.360781     9.407881  1.358125
413  1.772252    -0.024921     8.798168 -1.296473
414  2.718192     0.156051     9.547419  2.542112
415  0.657282     0.394803     9.728736  0.860499
416  1.947514     0.000793     9.728736 -1.635219
417  1.718083    -0.058117     4.397365 -0.867505
418  2.905852     0.141635     7.815430  2.338149
419  0.657468     0.396086     6.169187  0.860499
420  2.664076     0.164384     6.169187  1.731402
421  1.548848    -0.013488     3.392028 -0.523200
422  1.714643    -0.045810     2.707109 -1.202945
423  0.640137     0.405749     6.389408  0.860499
424  1.732917     0.000182     6.389408 -1.287074
425  1.317907     0.074408     8.738044  0.125488
426  3.585717     0.072112     0.837524  1.159183
427  0.998803     0.219054     2.770825  0.860499
428  1.487889     0.007096     6.389408 -0.130161
429       NaN          NaN     0.419522  1.617791
430  1.560462    -0.021190     2.283324 -0.486625
431  0.645839     0.402291     6.549902  0.860499
432  0.675773     0.385116     6.549902  0.882114
433  2.198279    -0.011143     2.933988 -2.771829
434  2.596757     0.117597     3.942019  2.673061
435  2.804655    -0.066326     0.856837  0.860499
436  3.058500     0.119241     6.549902  2.632503
437  2.715771     0.161321     7.054123  1.966854
438  3.895274    -0.033868     0.151320  0.499767
439  0.648788     0.399874     7.892821  0.860499
440  1.922250    -0.029900     7.892821 -1.480629
441  1.611869    -0.026000     3.907729 -0.783350
442  1.330402     0.235788     4.613423  2.115649
443  0.668413     0.389217     6.419640  0.860499
444  0.678213     0.386445     7.892821  1.074055
445  2.035369    -0.001958     9.346849 -1.944751
446  1.765615    -0.021557     0.678885  0.408309
447  1.782650     0.101205     3.537433  0.860499
448  1.044598     0.195046     7.892821  0.321068
449  0.723114     0.357902     9.627339  0.773107
450  2.386158     0.005240     6.839268 -2.915447
451  0.747152     0.359338     4.789676  0.860499
452  0.692972     0.376638     7.892821  0.613873
453  0.792657     0.320021     3.968591  1.401793
454  2.020740     0.013873     4.462532 -2.219485
455  3.530792    -0.056683     0.680940  0.860499
456  1.607776     0.256114     7.892821  1.692749
457  0.835136     0.299278     6.950728  0.449530
458  2.757343     0.129556     3.657659  2.916716
459  2.491695     0.007186     3.160128  0.860499
460  0.651455     0.398298     7.892821  0.868481
461  1.188268     0.129687     6.910465  0.163229
462  1.166484     0.149496     3.387123  0.557072
463       NaN          NaN     0.516686  0.868481
464  1.631546    -0.032346     7.892821 -0.518015
465  0.672941     0.391951     7.958661  1.112708
466  0.810828     0.311392     5.224234  0.455674
467  2.229721     0.045202     3.311790  0.868481
468  1.599501    -0.031143     7.892821 -0.314187
469  2.159249    -0.025390     8.324405 -1.964968
470  1.394113     0.042494     5.842486  0.023533
471  0.765939     0.353295     4.717209  0.868481
472  1.678646    -0.022148     7.892821 -0.858266
473  1.706465    -0.052860     6.042330 -0.809406
474  3.458526    -0.040438     2.605161  0.925472
475  1.716511    -0.050973     1.095651  0.868481
476  0.650985     0.398971     7.892821  0.814827
477       NaN          NaN     0.525520  2.885032
478  0.661473     0.392306     8.621222  0.882744
479  0.887028     0.276102     2.027452  0.814827
480  2.145855     0.208000     7.892821  1.854243
481  1.683370    -0.044611     2.143049 -1.128497
482  1.821959    -0.013865     3.460793 -1.575612
483  0.985239     0.264156     4.057430  0.814827
484  1.403876     0.039134     7.892821  0.059789
485       NaN          NaN     0.224668  2.870624
486  1.586196    -0.027701     9.089358 -0.161733
487  1.070313     0.184941     1.764924  0.814827
488  2.074476    -0.017376     7.892821 -1.912084
489  1.524594    -0.006251     6.917038 -0.167934
490  2.923553     0.136713     9.928328  2.906652
491  0.649773     0.399612     7.919590  0.814827
492  0.870682     0.327069     7.919590  2.619356
493  3.136840     0.127903     5.163018  1.848458
494  2.630039     0.169747     5.927042  1.663755
495  0.833310     0.317171     4.381679  0.814827
496  2.742469     0.157208     7.919590  2.183868
497  1.534502    -0.008991     7.142079 -0.206307
498  1.573008    -0.013398     1.117448 -1.107808
499  0.648843     0.400068     7.546249  0.814827