error: 0.67 | highest correlation: nan
best global temp: 7.340779820688692 | best alpha: 1.1036486380717179 | best average temperature: 1.68
time scale: <class 'ising.Jij_sorted_ising'> | partial correlation: False

        error  correlation  global temp     alpha
0    2.837675     0.154012     4.228518  1.321947
1    2.760324     0.124000     3.288842  2.762276
2    1.764872     0.019750     2.148365 -1.378200
3    2.181891    -0.013717     8.877969 -1.378200
4    1.041439     0.318153     8.877969  1.606750
5    0.927413     0.252073     2.367706  0.796487
6    2.186582     0.000550     8.758397 -1.512823
7    1.802130    -0.015163     0.471367 -1.512823
8    2.864053    -0.025685     0.471367  0.549955
9    2.916172     0.088518     3.073460  2.552048
10   2.679013     0.014050     6.331752 -2.925973
11   2.700466    -0.000745     5.060540 -2.925973
12   1.895568     0.005850     5.060540 -1.227420
13   2.875018    -0.021934     7.666101 -2.521859
14   1.544401     0.005560     0.447946 -0.740014
15   1.905233     0.000589     0.124074 -0.740014
16   1.826376    -0.013589     0.124074 -2.643719
17   1.234112     0.112744     8.861223  0.394480
18   1.651832    -0.005978     9.600976 -0.333314
19   1.517753     0.002326     2.098193 -0.333314
20   1.024212     0.205163     2.098193  0.760150
21   1.443769     0.033123     5.244022 -0.071817
22   2.651782     0.163472     7.817740  2.201901
23   3.184067     0.093763     2.299759  2.201901
24   1.491397     0.013083     2.299759 -0.332000
25   1.623557    -0.014881     3.842788 -0.509571
26   0.685621     0.384852     7.860529  1.118507
27   0.751311     0.346427     8.969177  1.118507
28   2.699459     0.157881     8.969177  2.380862
29   2.262266     0.026155     8.083879 -2.321295
30   1.790404    -0.026397     9.438639 -0.583628
31   1.760879    -0.018661     7.928779 -0.583628
32   2.520927     0.158306     7.928779  2.347970
33   1.637880    -0.029231     2.397540 -0.621463
34   2.040069    -0.011160     8.707231 -1.205228
35   2.193003    -0.038800     8.175278 -1.205228
36   0.822909     0.303404     8.175278  0.758491
37   1.351705     0.065260     4.155357  0.026820
38   1.841203    -0.004156     0.145531 -0.799765
39   1.689155    -0.042050     1.944476 -0.799765
40   1.672930    -0.005617     1.944476  0.153532
41   2.536122     0.073279     1.791281  1.193125
42   1.751484    -0.014950     6.188686 -0.709470
43   1.701131    -0.032760     2.991296 -0.709470
44   2.639174     0.095981     2.991296  2.070305
45   1.564169    -0.005429     4.509234 -0.246020
46   1.868214    -0.029706     6.531561 -0.836794
47   1.797206    -0.022347     5.327415 -0.836794
48   0.793008     0.319435     5.327415  0.735302
49   2.116532    -0.013979     1.127331 -2.192818
50   1.017771     0.289454     9.478109  2.700318
51   2.455907     0.165935     9.809055  2.700318
52   2.521508    -0.000154     9.809055 -2.061088
53   1.344270     0.066653     4.609562  0.144200
54   1.151741     0.145855     3.368683  0.231373
55   1.344161     0.068534     7.020558  0.231373
56   2.670898    -0.029202     7.020558 -2.528234
57        NaN          NaN     0.764059  2.470581
58   2.541514     0.177513     8.893615  2.270947
59   2.620823     0.158649     8.028977  2.270947
60   2.561280     0.171658     8.028977  2.092286
61   1.803716    -0.022641     6.842327 -0.650693
62   1.634758    -0.027076     5.054187 -0.288309
63   1.627198     0.001407     9.754377 -0.288309
64   1.442462     0.041869     9.754377  0.070395
65   3.727638     0.016498     1.683627  2.799646
66   1.643601    -0.018295     2.573409 -0.768054
67   1.910737    -0.031617     8.696488 -0.768054
68   0.737478     0.356871     8.696488  1.170922
69   1.688525    -0.030616     5.280171 -0.422856
70   2.862656     0.110178     3.035998  2.287040
71   2.385716     0.148125     3.708823  1.170922
72   1.564039     0.002809     8.696488 -0.139512
73   1.748811    -0.003336     6.903304 -0.704113
74   1.302636     0.132563     3.361657  1.368882
75   1.774955     0.095495     2.645866  1.368882
76   2.930737     0.115805     2.645866  2.164286
77   1.854059     0.011157     4.074875 -1.340880
78   1.576269    -0.008336     1.538967 -0.699603
79   1.868264    -0.011730     9.769912 -0.699603
80   2.174259    -0.021676     1.538967 -2.150001
81   2.217889    -0.024876     7.804550 -1.552257
82   2.599698    -0.021941     8.156996 -2.260642
83   2.424077    -0.023163     5.066492 -2.260642
84   2.514471     0.181691     5.066492  1.427310
85   1.420222     0.039984     6.072850  0.134241
86   0.836921     0.354093     9.124584  2.699889
87        NaN          NaN     0.485947  2.699889
88   1.143725     0.259607     9.124584  2.805522
89   2.023309     0.046154     9.821272 -1.438807
90   1.435483     0.037941     9.193331  0.166895
91   1.368109     0.060986     6.960264  0.166895
92   2.159885    -0.031762     6.960264 -1.414853
93   1.903103    -0.025741     1.617983 -1.562453
94   2.142448    -0.030917     6.071958 -1.448372
95   2.940973    -0.029436     0.166156  0.166895
96   1.552747    -0.001643     6.960264 -0.062659
97   2.492417    -0.016248     5.376637 -2.194200
98   1.739884    -0.033068     4.634457 -0.686878
99   1.752859    -0.009445     9.038191 -0.686878
100  2.197170    -0.024405     9.038191 -1.226799
101  2.248840    -0.001940     3.619802 -2.101128
102  2.431281    -0.021983     4.137471 -2.300790
103  1.790107    -0.009214     0.202811 -0.686878
104  2.957459    -0.037994     0.202811  0.208762
105  1.431712     0.037023     4.489973 -0.109586
106  0.805459     0.312568     8.315803  0.771674
107  0.820356     0.304893     9.176456  0.771674
108  1.198251     0.287989     9.176456  1.687647
109  2.354142     0.187470     5.096956  1.486527
110  1.687084    -0.022069     4.029601 -0.648638
111       NaN          NaN     0.393819  0.771674
112  1.477560     0.025650     9.176456  0.082513
113  3.637118     0.027117     2.325236  2.803866
114       NaN          NaN     1.097576  2.149879
115  0.912665     0.257950     9.023977  0.771674
116  2.076321    -0.007977     9.023977 -1.156751
117  2.756937    -0.020436     9.352551 -2.444248
118  3.197355     0.081620     2.420981  2.249775
119  1.000050     0.216645     2.218665  0.771674
120  3.548879     0.048540     2.218665  2.816936
121  1.463230     0.028344     8.727844  0.117749
122  1.915181    -0.018451     8.223817 -0.869717
123  0.747570     0.343765     5.867155  0.771674
124  1.579831     0.228563     5.867155  2.549830
125  2.664943     0.155710     5.354942  1.533250
126  0.902150     0.262651     4.992823  0.570694
127  1.697321    -0.026890     1.066555  0.570694
128  1.445045     0.278643     4.992823  1.178817
129  1.747921    -0.029290     4.725718 -0.612073
130  1.853893    -0.014666     3.206278 -1.189038
131  1.047908     0.194447     9.800890  0.570694
132  2.710613    -0.019427     9.800890 -2.140563
133  2.022093     0.219140     8.296017  1.870030
134  2.195510     0.119529     4.853003  2.299217
135  0.998711     0.215648     5.755360  0.570694
136  2.430464     0.119002     5.755360  2.813420
137  3.645140     0.027839     1.453069  1.930156
138  1.228455     0.117699     9.559407  0.310574
139  1.121685     0.159522     1.585599  0.570694
140  2.309760    -0.007506     1.585599 -2.667971
141       NaN          NaN     0.310144  2.135854
142  1.499670     0.012033     6.889042  0.045303
143  1.046486     0.194708     9.074383  0.570694
144  0.972321     0.315274     9.074383  1.553735
145  2.005017     0.015631     3.573614 -1.686313
146  1.942478     0.001952     7.739915 -0.905004
147  1.077618     0.205914     4.385791  1.553735
148  1.904128    -0.013529     4.385791 -1.044214
149  2.508743    -0.032480     2.788781 -2.759581
150  1.888203    -0.027421     1.726131  0.144376
151  0.749526     0.347875     4.728871  1.553735
152  2.315948     0.015335     4.728871 -2.110280
153  1.493710     0.269591     9.232068  1.824351
154  2.043905    -0.008802     2.678443 -1.791814
155  0.806082     0.331032     4.985472  1.553735
156  1.772187    -0.022372     4.985472 -0.733273
157  3.424306     0.061123     2.105241  2.348862
158  2.233547     0.018906     8.831610 -1.624863
159  1.164195     0.300784     8.040510  1.553735
160  0.812585     0.308950     4.985472  0.668692
161  1.394302     0.043260     0.854519 -0.511730
162  0.733408     0.355086     8.990644  1.103649
163       NaN          NaN     0.108934  1.103649
164  2.689826    -0.011753     8.990644 -2.755577
165  2.375212     0.184370     5.288325  1.458342
166  2.214077     0.006114     9.771286 -1.603541
167  0.727528     0.377790     6.378065  1.103649
168  2.759600     0.158138     6.378065  1.838986
169  2.516997     0.005320     9.028995 -2.292329
170  1.782701     0.002205     7.551857 -0.712011
171  0.697233     0.385066     6.861347  1.103649
172  1.062218     0.187096     6.861347  0.474746
173  1.111707     0.256366     6.580060  2.217601
174  1.781571     0.008363     0.485854 -2.265939
175  0.697485     0.376917     8.121586  1.103649
176  2.613307     0.001524     8.121586 -2.456154
177  1.034348     0.201576     3.712989  0.556466
178  1.658273    -0.009207     0.802882 -1.069793
179  1.078982     0.343966     4.919947  1.103649
180  2.342069     0.188544     8.121586  1.966259
181  2.692133     0.003870     8.130426 -2.797843
182  1.865025     0.024873     0.472152 -2.342835
183  0.964804     0.360899     5.132270  1.103649
184  0.969051     0.230898     8.121586  0.574310
185  1.590610    -0.014588     1.436463 -0.579117
186  2.584831    -0.041416     9.048590 -2.038216
187  0.894103     0.267422     3.134253  1.103649
188  2.324010     0.193106     8.121586  1.981667
189  1.284020     0.218595     7.573830  2.542773
190  2.901526     0.143514     6.999204  2.115224
191  1.428271     0.320297     4.448621  1.103649
192  0.770345     0.345711     8.121586  1.186071
193  2.258459    -0.017830     5.662096 -1.838385
194  2.369845     0.111726     3.650219  2.050868
195  2.049662     0.219387     4.084047  1.103649
196  2.422185     0.029267     8.121586 -2.312799
197  1.461234     0.024120     4.199946 -0.064135
198  2.020915    -0.020471     0.741947 -2.417118
199  1.078215     0.177207     2.380487  1.103649
200  2.499177     0.165882     8.121586  2.266045
201  2.516112     0.020824     5.217298 -2.813167
202  1.497373     0.018567     1.649909  0.178132
203  1.179357     0.132769     2.281859  1.103649
204  2.147705     0.004424     8.121586 -1.510772
205  2.122544     0.015665     6.281074 -1.662964
206  1.111514     0.164261     6.022781  0.419389
207  0.738257     0.353239     8.605902  1.103649
208  1.611012     0.001678     8.605902 -0.263005
209  3.873426    -0.001194     1.528020  2.723141
210  1.164634     0.292040     7.762802  1.497622
211  3.669030     0.050589     0.899447  1.103649
212  1.917342    -0.009139     8.605902 -1.063934
213  2.040684     0.217588     4.763998  1.236865
214  1.659819    -0.030279     6.409851 -0.302879
215  1.260797     0.099350     2.229366  1.103649
216  1.276881     0.285644     8.605902  1.665263
217  2.111811     0.022516     9.258007 -1.466597
218       NaN          NaN     1.251810  1.939318
219  1.919157     0.248563     4.113972  1.103649
220  1.380464     0.057183     8.605902  0.210450
221  1.294360     0.135299     2.952350  1.305306
222  0.887807     0.342207     6.390114  1.235677
223  0.722937     0.360067     9.976483  1.103649
224  0.958947     0.235519     9.976483  0.716350
225  2.823081     0.010110     8.417900 -2.629884
226  2.337798    -0.007634     1.551420 -2.706496
227  0.758372     0.356939     6.599310  1.103649
228  2.176902    -0.012476     9.976483 -1.317938
229  1.884349    -0.032368     4.399453 -0.972411
230  1.385681     0.046092     0.927523 -0.143398
231  1.636121     0.279449     4.352072  1.103649
232  2.712964     0.155786     9.976483  2.646446
233  2.504911     0.001644     8.794355 -2.219945
234  1.088155     0.174470     4.920378  0.376130
235  1.995211     0.230957     3.999355  1.103649
236  1.492683     0.020928     9.976483  0.080115
237  2.559571    -0.027849     5.352064 -2.101516
238  2.700956    -0.004530     9.548493 -2.562441
239  0.842262     0.351324     5.642716  1.103649
240  2.722465    -0.019649     9.976483 -2.271524
241  2.259477    -0.019595     5.687975 -1.873731
242  1.896961    -0.027130     0.518462 -2.148333
243  1.036180     0.337406     5.032357  1.103649
244  0.822283     0.348950     9.976483  2.672902
245  2.070945     0.006166     8.331199 -1.491484
246  0.761733     0.336089     6.817652  0.840178
247  1.279324     0.337536     4.576180  1.103649
248  2.965632     0.134857     9.976483  2.930467
249  1.807369     0.014997     2.533753 -1.503705
250  1.760749    -0.034922     5.163028 -0.670754
251  0.966731     0.323477     5.381539  1.103649
252  0.750871     0.344619     9.976483  1.084044
253  3.593768     0.049032     1.757590  2.345561
254  1.264382     0.244484     8.405212  2.819346
255  0.777594     0.359996     6.156051  1.103649
256  1.130780     0.157478     9.976483  0.532373
257  2.508690     0.020791     9.475525 -2.156648
258  1.652141     0.251473     9.944385  1.962503
259       NaN          NaN     0.156500  1.103649
260  2.126304     0.208843     9.976483  2.142122
261  3.218814     0.108593     1.967502  2.006503
262  1.520977     0.007879     1.664986 -0.302081
263       NaN          NaN     0.655189  1.103649
264  0.838359     0.342033     9.976483  1.532247
265  2.279989    -0.006278     4.572602 -1.974117
266       NaN          NaN     0.834012  2.086486
267  0.796683     0.354152     6.045825  1.103649
268  2.115794     0.209048     9.976483  2.275662
269       NaN          NaN     0.730780  1.975426
270  1.218611     0.119371     8.787359  0.442334
271  0.708224     0.377634     7.258972  1.103649
272  2.272416     0.001190     7.258972 -1.718268
273  2.227595    -0.026183     9.439170 -1.330911
274  2.751062     0.096804     2.904448  1.866636
275  0.680359     0.386193     8.073297  1.103649
276  2.031624    -0.008607     8.073297 -1.297659
277  0.732976     0.353827     9.453254  1.069194
278  1.967019    -0.016005     9.417183 -0.992880
279  1.472090     0.074910     1.949834  1.103649
280  2.539475     0.014882     8.073297 -2.626360
281  1.843605     0.033526     0.636640 -2.406186
282  1.737941    -0.001976     8.830683 -0.510582
283  3.511973     0.036693     1.219830  1.103649
284  2.324979     0.189289     8.073297  1.970419
285  2.638204     0.005358     7.385186 -2.833683
286  2.404898     0.010391     9.180467 -2.076421
287  0.990421     0.219383     2.698123  1.103649
288  1.673517    -0.025188     8.073297 -0.306241
289  0.770085     0.357791     6.850007  1.169266
290  1.615120     0.180550     4.890522  2.106491
291  0.738078     0.370725     6.408501  1.103649
292  1.566821    -0.008793     8.073297  0.043182
293  2.774942     0.111583     2.858414  1.993131
294  0.882507     0.274353     4.617351  0.681201
295  1.268047     0.097446     2.358061  1.103649
296  1.487579     0.269789     8.073297  1.689058
297  0.963094     0.233436     9.596439  0.701513
298  2.665634    -0.039248     8.735871 -2.300092
299  0.727305     0.362520     7.586659  1.103649
300  1.696568    -0.012443     8.073297 -0.446087
301  2.911035     0.121489     1.893145  1.592738
302  1.156193     0.145091     3.154202  0.350451
303  0.776098     0.332527     9.309070  1.103649
304  1.826394    -0.001125     8.073297 -0.954447
305  1.819440    -0.018039     1.203571 -1.603789
306  0.891748     0.326640     8.682797  1.437709
307  1.617234     0.044096     1.950822  1.103649
308  1.821987    -0.007439     8.073297 -0.741428
309  1.982882    -0.025824     4.138636 -1.178870
310  1.895683    -0.017516     8.809416 -0.869001
311  3.701235    -0.003310     1.288257  1.103649
312  2.720696    -0.006671     8.073297 -2.510586
313  1.957249     0.222796     6.545680  1.571116
314  0.923770     0.254060     2.378531  0.704906
315  0.996541     0.216868     2.765006  1.103649
316  0.811653     0.309251     8.073297  0.815562
317  1.690577    -0.022528     9.366749 -0.295009
318  1.608004    -0.000780     0.610742 -0.165986
319  1.523052     0.305903     4.388245  1.103649
320  2.569319     0.001223     8.073297 -2.136392
321  2.467183     0.030585     8.670813 -2.410665
322  0.701031     0.370868     8.035372  0.996464
323  0.741024     0.355998     7.696920  1.103649
324  0.920796     0.332072     8.073297  1.432761
325  0.847421     0.338750     9.955970  1.514905
326  1.921427     0.117678     4.095375  1.799316
327  1.198307     0.127138     2.231038  1.103649
328  1.262161     0.101716     8.073297  0.381036
329  1.777325    -0.032392     7.405371 -0.657026
330  2.795669    -0.001190     3.112912  0.899082
331  0.690769     0.378465     8.838808  1.103649
332  1.398672     0.208047     8.073297  2.968344
333  1.695230     0.014779     8.982824 -0.613849
334  1.634055    -0.004883     7.022215 -0.423761
335       NaN          NaN     0.434795  1.103649
336  0.938055     0.245409     8.073297  0.644047
337  1.625582    -0.015248     1.996072 -0.756261
338  2.401021    -0.028316     2.075973 -2.672271
339  3.627054     0.025076     1.215420  1.103649
340  2.762134     0.150856     8.073297  2.406227
341  1.854440    -0.031698     3.286721 -1.029494
342  1.944632     0.233938     6.675009  1.598242
343  1.001370     0.348180     5.065237  1.103649
344  2.366708    -0.004261     8.073297 -1.877172
345  1.942427    -0.034430     3.011170 -1.287459
346  2.627245     0.130889     2.000726  1.408803
347  1.217795     0.313650     4.771445  1.103649
348  2.757560     0.155160     8.073297  2.324346
349  2.894035     0.121952     2.417299  1.880685
350  1.865078    -0.025226     0.663349  0.369014
351  3.669509     0.041228     1.086858  1.103649
352  1.489941     0.026201     8.073297 -0.081766
353  2.362411     0.175364     8.043852  2.317993
354  2.653475    -0.003921     6.284484 -2.598377
355  3.524373     0.088114     0.919824  1.103649
356  0.719679     0.362014     8.073297  1.036330
357  2.313647    -0.020907     9.408861 -1.713544
358  1.020389     0.206270     6.807193  0.524363
359  0.803750     0.361039     5.786349  1.103649
360  1.349507     0.231376     8.073297  2.942288
361  1.851746     0.026947     0.575611 -2.350446
362  1.523122     0.002290     4.471786 -0.093545
363  0.727210     0.372103     6.614707  1.103649
364  2.380412    -0.036808     8.073297 -1.642278
365  1.012900     0.259444     5.607114  1.957044
366  1.416254     0.044274     6.468933  0.022670
367  0.761968     0.354427     6.583728  1.103649
368  1.500006     0.018155     8.073297 -0.015600
369  2.373925    -0.015505     4.628318 -2.178732
370  2.199417     0.202288     8.053975  1.893060
371  0.927345     0.364236     5.167400  1.103649
372  2.736866     0.005938     8.073297 -2.844807
373  1.868677    -0.005965     4.086916 -1.116488
374  0.856582     0.340423     7.362219  1.292571
375  3.390030     0.029412     1.409001  1.103649
376  1.728970    -0.018922     8.073297 -0.527452
377  1.143183     0.227578     5.445373  1.958997
378  1.657668    -0.028987     2.363987 -0.640379
379  1.230473     0.122145     2.170582  1.103649
380  2.699507    -0.007130     8.073297 -2.444723
381  2.144874     0.003970     8.609876 -1.359140
382  2.505958    -0.020281     2.440571 -2.491291
383  1.653377     0.309024     4.236658  1.103649
384  0.966865     0.312902     8.073297  2.630589
385  3.818192    -0.004817     1.336670  1.965412
386  1.825789     0.042705     3.570868 -1.305075
387  0.850394     0.289259     3.379254  1.103649
388  1.534392     0.013876     8.073297 -0.145672
389  1.641367    -0.019972     6.227047 -0.310969
390  2.027056    -0.015513     6.078619 -1.339080
391  1.376781     0.299262     4.591656  1.103649
392  1.353554     0.226598     8.073297  2.636539
393  2.475257     0.006545     5.255400 -2.558637
394  1.304910     0.082064     2.687723  0.137054
395  0.715079     0.364793     9.250639  1.103649
396  1.972761    -0.018653     8.073297 -1.064237
397  1.503599     0.008560     3.866371 -0.132881
398  2.832854    -0.018714     1.715803  1.173021
399  1.722020     0.269395     4.332030  1.103649
400  1.333697     0.230600     8.073297  2.683415
401  2.420979     0.185031     5.047818  1.389026
402  1.591552     0.008313     8.768647 -0.254804
403  1.261979     0.096436     2.370381  1.103649
404  2.143340     0.001526     8.073297 -1.267910
405  2.549568    -0.013320     8.082711 -2.198579
406  1.190797     0.129082     5.316390  0.343202
407  0.844828     0.355460     5.606253  1.103649
408  2.584457    -0.008460     8.073297 -2.405672
409  0.788788     0.321837     9.287470  0.920945
410  0.826902     0.359121     6.440680  1.212088
411  0.848714     0.356274     5.570923  1.103649
412  1.871225    -0.007206     8.073297 -1.031800
413  3.501923     0.052386     1.986934  2.042519
414  2.504270     0.112378     2.863333  1.724504
415  3.603148    -0.004796     1.296560  1.103649
416  1.894191     0.197077     8.073297  2.369884
417  2.072449     0.029797     2.697073 -2.237242
418  3.550113     0.053648     1.501924  1.974552
419  1.148815     0.148556     2.755355  1.103649
420  2.966406     0.137415     8.073297  2.447698
421  1.884664     0.031098     8.422102 -1.150285
422  1.611276     0.258978     5.549627  1.306606
423  0.724626     0.360087     9.266759  1.103649
424  2.530079    -0.008695     8.073297 -2.329414
425  1.868354    -0.019105     8.671981 -0.863771
426  1.276615     0.132517     3.499319  1.364596
427  0.674246     0.387190     8.864806  1.103649
428  1.369967     0.061886     8.864806  0.204227
429  2.036759    -0.023440     5.689264 -1.225924
430  1.826046     0.260731     4.278234  1.125263
431  1.006825     0.338431     5.088198  1.103649
432  2.803512    -0.000598     8.864806 -2.637169
433  1.021445     0.268259     7.018984  2.221463
434  3.694375     0.032999     1.706356  2.875653
435  0.719130     0.365936     7.900483  1.103649
436  2.334822     0.008983     8.864806 -1.866680
437  2.196441    -0.004201     5.297958 -1.861187
438  1.642752    -0.016008     6.888731 -0.364275
439  0.734376     0.365476     6.903429  1.103649
440  2.742024    -0.016514     8.864806 -2.296782
441  2.612784     0.090258     3.801873  2.176675
442  0.758039     0.364875     8.494179  1.317205
443       NaN          NaN     0.428838  1.103649
444  1.931880     0.010911     8.864806 -1.050537
445  2.954441     0.116098     3.108817  2.730617
446  2.886985     0.113549     1.528196  1.195886
447  0.707343     0.375835     7.109533  1.103649
448  2.769719    -0.012282     8.864806 -2.502698
449  0.727917     0.361186     5.695680  0.917291
450  0.698165     0.371169     7.330471  0.857022
451  0.919482     0.254599     2.827599  1.103649
452  2.396963     0.014998     8.864806 -2.037585
453  0.816845     0.348651     5.179096  0.991460
454  1.598782     0.008642     6.697056 -0.399623
455  1.278959     0.343338     4.607962  1.103649
456  2.617194    -0.005800     8.864806 -2.214849
457  1.353212     0.066869     2.934209 -0.228259
458  1.904118    -0.006962     0.472788 -2.532289
459  1.831889     0.250188     4.220907  1.103649
460  1.557598     0.015059     8.864806 -0.224270
461  1.087932     0.274904     8.529024  2.727351
462  1.861082    -0.025194     1.478310  0.013249
463  0.930184     0.248965     3.225444  1.103649
464  0.741567     0.346800     8.864806  0.868330
465  1.726228    -0.007463     0.822106 -1.400010
466  2.901570    -0.024700     9.782138 -2.564452
467  0.671077     0.396027     7.340780  1.103649
468  2.277597    -0.000999     7.340780 -1.832945
469  1.229317     0.113557     5.290445  0.258700
470  1.894708     0.157369     4.165168  1.988072
471  0.781879     0.362795     5.967309  1.103649
472  0.728801     0.367739     7.340780  1.128642
473  2.501924     0.128634     5.297771  2.872655
474       NaN          NaN     0.543610  0.953220
475  0.711121     0.365987     9.806599  1.103649
476  2.793958    -0.008938     7.340780 -2.820102
477  2.759879     0.106442     3.208697  2.218240
478  1.149818     0.161304     3.434184  0.586128
479  0.911503     0.356433     5.328916  1.103649
480  2.747617    -0.016728     7.340780 -2.589929
481  2.343441     0.172277     6.750341  1.954391
482  1.703101    -0.020056     3.505389 -0.856839
483  0.715280     0.386530     6.294126  1.103649
484  1.987540    -0.014156     7.340780 -1.091460
485  2.343376    -0.025643     2.688380 -2.499815
486  2.216981    -0.007659     2.752108 -2.324248
487       NaN          NaN     0.113869  1.103649
488  2.426588     0.166006     7.340780  2.210724
489  1.659651    -0.015561     1.570645 -0.160844
490  1.984986    -0.015145     4.056166 -1.269582
491  1.649910     0.052799     1.914128  1.103649
492  2.579129     0.173956     7.340780  1.938414
493  3.008027    -0.034568     2.787196  0.852895
494  1.088499     0.174914     6.989709  0.487483
495  0.733543     0.355262     8.999439  1.103649
496  1.604054    -0.002388     7.340780 -0.304924
497  0.774720     0.329705     4.810493  0.689595
498  3.367663     0.090049     1.661123  1.760715
499  0.787551     0.371633     5.835950  1.103649