error: 0.70 | highest correlation: nan
best global temp: 9.809941250036257 | best alpha: 1.1442115172976628 | best average temperature: 2.16
time scale: <class 'ising.Jij_sorted_ising'> | partial correlation: False

        error  correlation  global temp     alpha
0    2.551536     0.168259     4.228518  1.321947
1    3.033877     0.091949     3.288842  2.762276
2    2.260797     0.011514     3.521288 -2.105277
3    2.099251     0.016780     2.971673 -2.105277
4    2.753894    -0.000501     2.971673  0.879673
5    2.077500     0.012597     9.877176 -1.385908
6    2.239001    -0.001398     3.486486 -2.223276
7    2.442756     0.009696     8.549263 -2.223276
8    1.817344    -0.013744     8.549263 -0.732695
9    1.279332     0.095474     8.622038  0.314615
10   2.059431    -0.021284     0.421119 -2.592264
11   2.607868    -0.012456     6.209426 -2.592264
12   1.491251     0.017528     6.209426 -0.057219
13   0.951852     0.306205     9.785928  2.773674
14   1.024633     0.204870     2.181266  0.779945
15   0.813263     0.308650     8.988226  0.779945
16   1.731166     0.000840     8.988226 -0.552826
17   1.547330    -0.003994     1.696246 -0.552576
18   2.661708     0.162751     9.461714  2.492572
19   2.592232     0.122728     3.633920  2.492572
20   2.136089     0.011810     3.633920 -1.952780
21   0.837931     0.295564     8.097959  0.767087
22   2.038498    -0.036853     3.560665 -1.307342
23   2.211894    -0.037889     6.367082 -1.307342
24   1.689529    -0.016319     6.367082 -0.496915
25   1.075403     0.181157     7.098133  0.485188
26   1.921757    -0.026245     9.663525 -0.842327
27   1.741299    -0.036553     2.836183 -0.842327
28   2.037405    -0.032468     2.836183 -1.377718
29   2.463898    -0.018561     6.163911 -1.960384
30   1.804672     0.233499     9.400092  1.954318
31   2.760041     0.156013     6.774454  1.954318
32   1.272927     0.097731     6.774454  0.216651
33   1.944548    -0.020609     0.634832 -2.112216
34        NaN          NaN     0.511459  1.906654
35   1.953718     0.019655     1.685688 -2.112216
36   1.511154     0.024955     1.685688  1.020215
37   1.998517     0.225622     7.517359  1.751885
38   0.711245     0.371872     6.932563  1.057109
39   1.020151     0.356007     4.687646  1.057109
40   2.663172     0.169963     4.687646  1.366646
41   2.181702     0.029658     8.587533 -1.785838
42   2.811838     0.128415     3.084939  2.311568
43   2.453538     0.180566     9.461792  2.311568
44   1.558600     0.004292     9.461792 -0.045528
45   2.555226    -0.018904     7.513667 -2.313216
46   2.680156    -0.033204     3.622893 -2.960283
47   2.513144    -0.026866     2.418747 -2.960283
48   1.981961    -0.035028     2.418747 -1.388187
49   1.496618     0.267882     8.118663  1.683693
50   1.966540    -0.017198     4.415952 -1.245836
51   2.009749    -0.033713     4.746898 -1.245836
52   1.459553     0.024464     4.746898 -0.007241
53   3.437954     0.082704     1.070319  1.116179
54   1.328039     0.072180     3.506019  0.079932
55   1.439631     0.036444     7.157895  0.079932
56   2.696482    -0.028649     7.157895 -2.679675
57        NaN          NaN     0.901395  2.319140
58   2.296595     0.193099     9.030951  2.119505
59   2.575240     0.174154     8.166313  2.119505
60   2.285688     0.190024     8.166313  1.940844
61   1.688780     0.036638     6.979663 -0.802134
62   1.669299    -0.021851     5.191523 -0.439750
63   1.685987     0.000644     9.891713 -0.439750
64   2.717690    -0.010229     9.891713 -2.340768
65   2.588418     0.123603     4.667339  2.674485
66   1.576823     0.080068     2.500976  1.243840
67   0.737342     0.362830     8.624055  1.243840
68   1.091778     0.279778     8.624055  2.767381
69   0.710512     0.381834     6.977592  1.144212
70   1.599804    -0.018609     1.834693 -0.585624
71   0.696291     0.376468     9.809941  1.144212
72   1.363137     0.064444     9.809941  0.277833
73   3.660800    -0.060920     0.894734  0.910993
74   2.227374     0.195537     9.612689  2.138786
75   1.043372     0.194958     1.802073  0.277833
76   1.632050     0.068904     1.802073  1.086428
77   2.401509     0.009928     9.599497 -2.025863
78        NaN          NaN     0.156343  0.922336
79        NaN          NaN     0.531490  1.086428
80   1.380747     0.044105     1.802073  0.939224
81   2.403096    -0.002154     9.959421 -2.008330
82   1.280682     0.088000     1.934516  0.848720
83   0.728073     0.354424     7.464881  0.848720
84   0.929263     0.249826     7.464881  0.662412
85   1.558674     0.259133     7.595330  1.614145
86   1.719018     0.070617     3.398815  0.793322
87   0.922955     0.252686     8.036412  0.662412
88   2.218173    -0.019148     8.036412 -1.488379
89   0.703772     0.369297     9.192084  1.028597
90   1.872275     0.002480     2.284716 -1.487434
91   1.277223     0.088336     2.188416  1.028597
92   1.818603    -0.037970     9.192084 -0.600877
93   1.741968    -0.025362     3.849804 -0.700752
94   1.762417    -0.014231     8.303778 -0.586670
95   1.164764     0.138661     2.397977  1.028597
96   0.768481     0.332242     9.192084  0.799043
97   1.934780     0.033346     7.608458 -1.332499
98   1.325493     0.077618     6.866278  0.174824
99   1.265549     0.172570     3.695818  0.799043
100  1.340612     0.072304     9.192084  0.259121
101  1.628101    -0.003086     3.773695 -0.615207
102  1.772750    -0.018462     4.291364 -0.814870
103       NaN          NaN     0.356705  0.799043
104  1.170465     0.295992     9.192084  1.694682
105  1.112201     0.186777     3.579246  1.376335
106  2.755994     0.150843     4.845388  1.516489
107  1.349904     0.058123     1.645309  0.799043
108  1.882774    -0.010352     9.192084 -0.915524
109  3.514951     0.038889     2.098812  2.222922
110  1.447119     0.030254     7.500644  0.148248
111  0.749811     0.342609     6.402924  0.799043
112  2.624438    -0.010681     6.402924 -2.637446
113  1.480503     0.022674     7.235116  0.029164
114  2.610314     0.169014     8.224043  2.177248
115  0.738250     0.348930     6.250444  0.799043
116  1.568670     0.190806     6.250444  2.569460
117  2.750945     0.116059     3.783395  2.645203
118  1.763297    -0.020364     1.274796 -0.253613
119  1.028823     0.202493     2.373836  0.799043
120  0.784596     0.323523     6.250444  0.731299
121  1.045240     0.271817     8.153123  2.490745
122  1.663278     0.177586     5.806080  2.548301
123  3.052514    -0.035154     0.654087  0.731299
124  2.111073     0.006518     6.250444 -1.810304
125  2.666459     0.156301     8.812020  2.292002
126  1.753775     0.239260     9.949465  1.999115
127  1.552489    -0.017859     1.353538  0.731299
128  1.926581    -0.019208     6.250444 -1.027229
129  1.643195    -0.014922     8.229880 -0.282029
130  0.729999     0.356937     9.670299  1.120912
131  1.555591     0.274202     4.578366  1.120912
132  2.283988    -0.031058     9.670299 -1.590345
133  2.836173     0.145382     8.165426  2.420247
134  2.468548     0.140835     4.722411  2.849435
135  0.819564     0.378585     5.624769  1.120912
136  1.240340     0.108961     5.624769  0.326367
137  2.407201     0.097725     3.291561  2.004901
138  1.915091    -0.024166     9.815667 -0.762078
139  2.600774     0.143553     3.691771  1.120912
140  2.671139    -0.006541     5.624769 -2.693669
141  2.233201    -0.011220     5.643323 -1.668030
142  1.709065    -0.012293     7.157214 -0.553071
143  1.142588     0.148640     2.390980  1.120912
144  1.498953     0.174179     5.624769  2.103953
145  1.217891     0.117029     3.569704  0.197875
146  2.943292    -0.029530     8.081188 -2.961404
147  0.795234     0.363009     5.951078  1.120912
148  2.222884    -0.001744     5.951078 -1.477038
149  2.730463     0.113756     4.354068  2.807596
150  1.515259     0.008842     3.291419 -0.288447
151  0.763051     0.368602     6.294158  1.120912
152  2.575318    -0.001888     6.294158 -2.543103
153       NaN          NaN     0.897355  1.391528
154  2.316710     0.014454     4.243731 -2.224637
155  0.742060     0.370547     6.550760  1.120912
156  1.273362     0.095876     6.550760  0.302677
157  1.876853    -0.008064     3.304932 -1.419873
158  1.414132     0.031044     1.738486  0.877695
159  0.734319     0.361561     7.656891  1.120912
160  1.409614     0.044712     7.656891  0.157735
161  2.526656    -0.000163     3.122588 -2.988089
162  1.845632    -0.019014     1.069664 -1.778600
163  0.802496     0.360368     5.911839  1.120912
164  2.143158     0.003085     5.911839 -1.760798
165  1.638535    -0.003212     5.767366 -0.555987
166  2.598400    -0.028261     7.380383 -2.268532
167  1.056549     0.348931     5.044749  1.120912
168  2.173926     0.005878     5.911839 -1.890703
169  1.658944    -0.010706     0.579379 -1.290867
170  1.421297     0.042078     7.962491  0.176806
171  0.703703     0.371666     9.594454  1.120912
172  2.202092     0.031952     9.594454 -1.661926
173  2.585831     0.171758     7.731616  2.016638
174  3.505876     0.003400     1.211528  1.021429
175  0.726009     0.370223     7.092979  1.120912
176  2.449347     0.186884     7.092979  1.856404
177  0.986290     0.222369     7.623878  0.569975
178  2.893536    -0.005797     7.848874 -2.938413
179  0.953334     0.334063     5.425996  1.120912
180  0.912431     0.337784     7.092979  1.324844
181  0.985714     0.224027     1.901717  0.648832
182  0.747207     0.347610     8.189594  1.060321
183  0.984408     0.358961     4.803453  1.060321
184  1.246206     0.226008     8.189594  2.843609
185  1.708995    -0.001071     0.845135 -1.612675
186  2.198047    -0.013536     1.616488 -2.427012
187       NaN          NaN     0.473935  1.060321
188  2.340331     0.003349     8.189594 -1.848148
189  0.811346     0.345621     7.067212  2.071896
190  1.223467     0.114123     3.394247  0.328317
191  2.767146     0.146731     6.632586  2.071896
192  1.395815     0.280859     7.067212  1.506761
193  2.880956     0.003616     5.614431 -2.950752
194  2.581902     0.144922     2.766994  1.835411
195  2.741536     0.101388     3.187813  2.071896
196  1.468234     0.026015     7.067212  0.016683
197  2.270287     0.191536     9.087934  2.192258
198  2.770729     0.137975     3.328868  1.105099
199  2.001770     0.121479     4.781510  2.071896
200  2.452503     0.005833     7.067212 -2.162898
201  3.639349     0.028895     1.653695  1.802763
202  2.159453     0.023643     6.741695 -1.801061
203  1.628078     0.175884     5.041266  2.071896
204  2.319289     0.021225     7.067212 -2.067725
205  0.734057     0.369399     7.600599  1.203347
206  1.935953    -0.013895     8.300182 -0.983374
207  2.478047     0.102631     1.782075  1.203347
208  0.756434     0.359117     7.600599  1.208036
209  1.261132     0.101408     7.746603  0.374378
210  2.236968    -0.007441     6.088418 -1.999207
211  0.708065     0.371051     9.884121  1.208036
212  1.751766    -0.018339     9.884121 -0.511800
213  1.603447     0.265329     6.194029  1.434064
214  1.785563    -0.018284     5.104196 -0.826493
215       NaN          NaN     0.845735  1.208036
216  2.578194     0.028295     9.884121 -2.728893
217  2.706875     0.157359     8.515336  2.253944
218  2.292999     0.027986     3.676286 -2.383894
219  1.258572     0.115955     2.818965  1.208036
220  1.680844    -0.015884     9.884121 -0.294441
221  3.479683     0.075395     2.442994  2.892247
222  1.990104     0.223274     8.199961  1.854199
223  1.386207     0.097920     2.500314  1.208036
224  0.724020     0.358818     9.884121  1.082706
225  2.331767     0.003980     1.459058 -2.727438
226  2.830855     0.145434     6.506948  1.998354
227  0.789473     0.358124     5.825091  1.082706
228  0.763411     0.340803     9.884121  1.174773
229  1.425562     0.031475     0.835161 -0.072274
230  2.621308    -0.019087     4.259711 -2.807229
231  1.394836     0.295501     4.999305  1.174773
232  1.368950     0.059701     9.884121  0.367793
233  0.996201     0.216965     4.828016  0.447254
234  1.202270     0.123605     3.906993  0.269832
235  0.951224     0.238695     3.231613  1.174773
236  1.906079     0.040495     9.884121 -1.173107
237  2.561522     0.026846     9.456131 -2.491317
238  2.312733     0.017014     5.550354 -2.100881
239  0.757319     0.358567     7.282572  1.174773
240  2.642719     0.158010     7.282572  2.031267
241  2.217733    -0.009387     5.034388 -1.760241
242  2.225553     0.118155     5.722589  2.744026
243  1.886392     0.249945     4.468846  1.174773
244  2.528039     0.170852     7.282572  1.993403
245  2.152443    -0.001842     4.836281 -1.556930
246  1.608518     0.019070     7.609390 -0.452680
247  0.992932     0.217960     2.875218  1.174773
248  1.179747     0.135252     7.282572  0.411120
249  2.927260    -0.018735     8.508170 -2.989968
250  2.546399    -0.013441     7.899477 -2.100472
251  2.509131     0.156148     3.939316  1.174773
252  1.556615     0.005966     7.282572 -0.198235
253  2.156252     0.119414     3.462141  1.769033
254  3.005839     0.109483     2.397380  2.170270
255  1.274652     0.312793     5.066046  1.174773
256  2.181078     0.196493     7.282572  1.840485
257  2.623210    -0.000623     7.362589 -2.870429
258  2.126051     0.152159     4.638139  2.329670
259       NaN          NaN     1.102970  1.174773
260  2.548942     0.169318     7.282572  2.041454
261  1.213623     0.121412     8.115567  0.425994
262  3.487225     0.079027     1.774515  2.696887
263  0.720858     0.364121     9.971258  1.174773
264  1.861592    -0.020575     9.971258 -0.678745
265  1.949872    -0.039581     5.443272 -0.943391
266  2.699105     0.117729     4.070244  2.454566
267  2.004767     0.222221     4.490410  1.174773
268  2.006244     0.025019     9.971258 -1.195452
269  1.478424     0.021726     3.053178 -0.318789
270  1.519205     0.004063     3.383978 -0.256814
271  0.768793     0.360124     6.950245  1.174773
272  2.621600     0.020321     9.971258 -2.930965
273  1.400563     0.043081     2.769951 -0.009228
274  2.490145    -0.032321     4.610841 -2.144522
275  1.722203     0.063088     2.083120  1.174773
276  1.202280     0.297959     9.971258  1.788240
277  1.622318    -0.009799     8.018302 -0.204891
278       NaN          NaN     0.564289  2.133552
279  2.561499     0.154159     3.808628  1.174773
280  2.588924    -0.017226     9.971258 -2.376068
281  2.431654     0.017937     9.361519 -2.176683
282  1.682684     0.238880     9.544936  2.289254
283  0.720229     0.367257     8.686238  1.174773
284  0.972725     0.303545     8.686238  2.656169
285  2.764805     0.146378     5.476484  1.799599
286  1.142023     0.149474     2.138740  0.899566
287  0.707862     0.370410     9.818517  1.174773
288  2.757914    -0.015487     9.818517 -2.554158
289  1.536880     0.006301     5.669096 -0.178853
290  1.651101    -0.003459     1.898688  0.114306
291       NaN          NaN     0.857710  1.174773
292  2.211652     0.006653     9.818517 -1.550862
293       NaN          NaN     1.122119  2.108747
294  3.058463     0.124041     4.433193  1.760182
295       NaN          NaN     0.672124  1.174773
296  2.555777     0.013371     9.818517 -2.382523
297  1.788631     0.005327     8.883590 -0.847708
298  1.716434    -0.011147     9.768781 -0.433600
299  2.603426     0.160729     3.921182  1.174773
300  1.813035     0.234856     9.818517  2.009854
301  2.154172     0.027548     6.671702 -1.772412
302  2.032924     0.007093     2.360421 -1.770647
303  1.921127     0.251225     4.449065  1.174773
304  2.266832     0.013190     9.818517 -1.782694
305  1.838673    -0.015855     9.894203 -0.719833
306  1.845618    -0.016063     9.497513 -0.670304
307  0.742796     0.370196     7.021795  1.174773
308  1.314268     0.082119     9.818517  0.346539
309  2.762819     0.120391     3.185237  2.189733
310  1.905371    -0.015512     6.061053 -0.970192
311  0.719722     0.364202     9.667696  1.174773
312  2.123621    -0.018344     9.667696 -1.157927
313  2.475533     0.135317     4.579610  1.530046
314  1.921866     0.010609     6.731688 -1.244144
315  2.653765     0.143951     3.674599  1.174773
316  1.571511     0.000021     9.667696 -0.095268
317  2.322093    -0.013071     7.927655 -1.934674
318  2.451162    -0.023441     4.356688 -2.446613
319  0.768086     0.362726     6.752682  1.174773
320  2.839786     0.145309     9.667696  2.617748
321  2.296267     0.197284     5.796808  1.521473
322  1.608833    -0.007486     8.472761 -0.176816
323  0.714407     0.382887     7.215690  1.174773
324  2.154680    -0.025467     7.215690 -1.275340
325  0.762637     0.361221     7.094990  1.189988
326  0.919471     0.336216     6.845448  1.306233
327  1.685598     0.070951     2.094670  1.174773
328  1.744497    -0.019863     7.215690 -0.561380
329  1.005549     0.212892     2.780385  1.079572
330  2.005717     0.003365     3.555648 -1.657554
331  0.721660     0.381348     7.032589  1.174773
332  1.945901     0.146836     7.032589  2.911966
333  2.001557     0.006573     2.972921  0.715171
334  2.596056    -0.016045     3.516975 -2.883008
335       NaN          NaN     0.814091  1.174773
336  1.200860     0.306858     7.032589  1.452260
337  3.387291     0.073135     2.119499  2.477351
338  1.633612    -0.005994     8.289139 -0.305211
339  2.940392     0.141046     3.451012  1.174773
340  2.311698     0.198514     7.032589  1.767594
341  1.636044    -0.007387     4.901806 -0.542862
342  1.687236    -0.017481     1.025635 -1.223474
343       NaN          NaN     0.439269  1.174773
344  1.589414    -0.003955     7.032589 -0.226517
345  0.803158     0.323017     4.937743  0.829039
346  2.253488    -0.037363     2.941964 -1.940776
347       NaN          NaN     0.254295  1.174773
348  1.069755     0.308832     7.032589  1.368739
349  1.224722     0.116978     9.522642  0.440138
350  0.874818     0.277005     9.946151  0.737689
351  0.717256     0.369942     8.383450  1.174773
352  1.413325     0.203698     8.383450  2.814489
353  2.487003     0.092277     2.033548  1.339633
354  1.355732     0.059680     0.817216 -0.562034
355  0.729500     0.368230     7.796650  1.174773
356  2.204539    -0.017215     7.796650 -1.331010
357  1.689787     0.011362     7.773969 -0.656807
358  2.086264     0.212043     6.518249  1.587826
359  0.848876     0.290071     3.279073  1.174773
360  1.665750     0.184880     7.796650  2.983096
361  1.782925    -0.015771     4.797708 -0.926738
362  2.098278    -0.040725     3.549703 -1.483817
363  0.754417     0.352691     8.181964  1.174773
364  0.916171     0.256297     7.796650  0.652484
365  2.126357    -0.002067     1.588105 -2.229591
366  1.294163     0.193729     4.589632  1.785204
367  2.133931     0.201918     3.977401  1.174773
368  0.761303     0.336057     7.796650  0.779274
369  1.694667    -0.033446     1.180877 -1.065089
370  1.975985    -0.032370     1.604859  0.197142
371  1.208581     0.124817     2.648195  1.174773
372  0.793137     0.318949     7.796650  0.790032
373  0.760822     0.348206     9.307074  1.238582
374  1.716050    -0.000218     4.225401 -0.989523
375  0.882172     0.346140     5.994205  1.174773
376  0.730956     0.370193     7.796650  1.209667
377  1.774046    -0.024889     1.826399  0.400442
378  2.256218    -0.023889     5.859857 -1.561818
379  0.875149     0.276531     3.596311  1.209667
380  1.782052     0.044889     7.796650 -1.136068
381  2.257560    -0.012236     2.163925 -2.385273
382  1.648385    -0.007768     3.960012 -0.707780
383  0.767630     0.359532     7.278285  1.209667
384  1.551235     0.003054     7.796650 -0.079992
385  1.914306    -0.028003     3.294222 -1.199056
386  3.311818     0.068216     3.102607  2.966292
387  1.685493     0.086363     2.260572  1.209667
388  2.845288    -0.003661     7.796650 -2.920933
389  2.110817     0.007743     5.053921 -1.733264
390       NaN          NaN     0.962818  2.914242
391  0.732629     0.363795     8.619048  1.209667
392  2.400468    -0.027406     8.619048 -1.559344
393  2.246354     0.194881     9.452453  2.174602
394  2.636910    -0.015673     5.849861 -2.568463
395  1.232779     0.120298     2.877535  1.209667
396  0.853394     0.348964     8.619048  1.449864
397  2.499528     0.016280     4.574587 -2.862875
398  1.868640     0.026842     2.998814 -1.730543
399  0.736546     0.359101     9.476885  1.209667
400  1.164405     0.301324     9.476885  1.718453
401  0.802073     0.314239     8.138978  0.796277
402  1.867107    -0.002592     5.086715 -1.161891
403  0.874807     0.358901     6.087573  1.209667
404  0.954724     0.320873     9.476885  1.575521
405  1.901393    -0.032027     8.025012 -0.748178
406  2.289597    -0.021611     2.355954 -2.299654
407       NaN          NaN     0.425571  1.209667
408  1.130692     0.157080     9.476885  0.489855
409       NaN          NaN     0.651473  1.909073
410  2.092151     0.034574     2.241437 -2.093521
411  0.799302     0.359086     6.729027  1.209667
412  2.109886    -0.010841     9.476885 -1.232641
413  2.465598     0.103208     3.991264  2.167007
414  1.794886    -0.003335     3.243121 -1.003863
415  1.491537     0.285805     5.059022  1.209667
416  1.950591     0.029724     9.476885 -1.324369
417  1.674330     0.232601     9.115311  2.491725
418  1.968964    -0.002578     7.267496 -1.197905
419  2.792556     0.086400     1.648869  1.209667
420  1.721036    -0.029143     9.476885 -0.277050
421  2.219115    -0.009414     2.347789 -2.186884
422  2.383202    -0.012693     6.312204 -2.223396
423       NaN          NaN     0.327124  1.209667
424  2.839030     0.000219     9.476885 -2.555380
425  1.829617     0.053452     9.986225 -1.037819
426  0.748810     0.362527     6.079741  1.815333
427  0.771622     0.359661     7.230057  1.209667
428  2.449202    -0.009247     9.476885 -1.957889
429  2.158499     0.009706     7.874454 -1.754412
430  2.393500     0.012744     3.651469 -2.679618
431  0.719401     0.369034     8.868420  1.209667
432  1.001071     0.215754     8.868420  0.593917
433  1.832934    -0.019697     9.933491 -0.654656
434  2.254294    -0.026856     3.534731 -1.965422
435  2.726999     0.137736     4.031625  1.209667
436  2.182102     0.202505     8.868420  2.045240
437  0.781117     0.350665     8.884502  1.348290
438  2.156500     0.124792     3.279608  1.726804
439  0.739472     0.365953     7.971316  1.209667
440  2.645883    -0.015902     8.868420 -2.288893
441  2.502930    -0.009110     4.924397 -2.543420
442  1.764625    -0.008043     4.812644 -0.944518
443  0.913287     0.257145     3.302301  1.209667
444  1.280459     0.094255     8.868420  0.382822
445  1.551944     0.003096     2.173156 -0.581690
446  1.282298     0.093598     7.062074  0.254504
447  3.765914     0.025869     1.068700  1.209667
448  2.939235     0.138219     8.868420  2.595915
449  1.268737     0.291885     6.061380  1.317996
450  2.004894     0.001793     1.571889 -1.931567
451  0.744359     0.351844     9.841958  1.209667
452  0.753906     0.349135     8.868420  1.175346
453  2.229351     0.195675     7.065148  1.733271
454  1.563573     0.050982     3.023878  0.615495
455       NaN          NaN     0.713876  1.209667
456  2.028215    -0.008599     8.868420 -1.249313
457  1.965845     0.001659     0.476402 -2.426270
458  1.409257     0.200715     4.224521  1.758200
459  0.725943     0.363455     9.188917  1.209667
460  1.921063    -0.007088     9.188917 -0.829648
461  1.780570    -0.020181     1.802421  0.119268
462  2.161527    -0.029037     3.549555 -1.534901
463  0.955513     0.323565     6.079842  1.209667
464  2.292534    -0.000883     9.188917 -1.669082
465  1.761884    -0.007392     0.206249 -2.458433
466  2.229954    -0.024899     7.664891 -1.726927
467  0.893387     0.268470     3.647602  1.209667
468  2.547936     0.165987     9.188917  2.340649
469  1.894436     0.098285     3.562170  1.650816
470  0.772404     0.352293     7.934881  1.234660
471  1.198307     0.321301     5.366819  1.209667
472  2.552313    -0.009064     9.188917 -2.302668
473  2.445132    -0.009257     2.235262 -2.733157
474  2.462236    -0.009860     4.555498 -2.472209
475  0.764415     0.349336     8.466493  1.209667
476  2.382057    -0.000814     9.188917 -2.227895
477  0.855449     0.344680     7.989280  1.366086
478  1.826517     0.003079     8.795339 -0.794278
479  0.736119     0.372291     7.458655  1.209667
480  1.459166     0.028688     9.188917  0.145821
481  2.688516     0.160703     7.533879  2.037805
482  1.855584    -0.011022     1.593808 -1.627228
483  2.430194     0.186366     4.047846  1.209667
484  1.455136     0.030625     9.188917  0.147850
485  2.269054    -0.020807     9.674978 -1.517244
486  1.459384     0.030323     9.056437  0.119512
487       NaN          NaN     0.689660  1.209667
488  0.991243     0.298729     9.188917  2.699085
489  2.088916    -0.004152     3.762265 -1.719068
490  0.871774     0.342953     6.759484  1.261771
491  1.046134     0.335604     5.608959  1.209667
492  1.837840    -0.011197     9.188917 -0.593588
493  2.822721     0.128888     3.759308  2.868327
494  1.818649    -0.045244     1.180344  0.786585
495  0.851869     0.349006     6.404967  1.209667
496  2.874930    -0.006530     9.188917 -2.518003
497  0.750734     0.354950     8.815576  1.224755
498  1.981862    -0.010147     2.765991  0.625261
499  0.896935     0.350695     6.051037  1.209667