error: nan | highest correlation: nan
best global temp: 0.9600493466184651 | best alpha: 2.1116470100851163 | best average temperature: 0.11
time scale: <class 'ising.random_ising'> | partial correlation: True

        error  correlation  global temp     alpha
0         NaN          NaN     1.142434  2.956000
1         NaN          NaN     0.960049  2.111647
2    1.442321    -0.006074     4.931076 -1.835607
3    1.280735     0.061655     2.194616 -2.334968
4    1.538446     0.000363     0.670546  0.280116
5    1.209227     0.092468     6.115391  0.280116
6    1.367857     0.024703     6.115391 -0.883799
7    1.375916     0.021190     9.773302 -0.893531
8    1.401236     0.009747     1.695978  2.429144
9    2.192305     0.080166     3.738955  2.429144
10   0.933388     0.221188     3.738955  0.690988
11   1.039614     0.169997     9.995073  0.947106
12   1.097623     0.143211     0.999570 -0.848396
13   1.252830     0.073547     2.394187 -0.848396
14   1.469427    -0.018666     2.394187  2.729102
15   1.385987     0.017155     6.388905 -1.376181
16   1.427113     0.054399     6.451229  1.986144
17   1.561334    -0.056048     1.605187  1.986144
18   1.994519     0.045275     1.605187  1.059876
19   1.289301     0.057770     7.666281 -0.273576
20        NaN          NaN     0.183783  0.768072
21   1.305396     0.050897     6.030430 -0.273576
22   0.951109     0.212137     6.030430  1.653032
23   1.010926     0.183753     6.811304  0.754963
24   1.401105     0.091565     9.238998  2.810260
25   1.662334     0.043629     4.573460  2.810260
26   1.360201     0.027810     4.573460 -1.885350
27   1.443995     0.042981     5.949267  2.747003
28   2.022959     0.084951     3.207438  1.725239
29   0.736122     0.324772     8.906404  1.725239
30   1.406746     0.008463     8.906404 -1.465963
31   1.246843     0.076251     3.549953 -1.035677
32   1.188236     0.101761     7.212354  0.433774
33   1.174712     0.107888     7.810560  0.433774
34   1.039746     0.172814     7.810560  2.119315
35   1.144357     0.121498     5.935947  0.398166
36   1.366820     0.025079     7.823086 -0.897921
37   1.359297     0.028135     6.026860 -0.897921
38   0.858056     0.258869     6.026860  1.512065
39   1.297530     0.054311     3.845520 -1.094456
40   0.871320     0.253008     4.676181  0.796281
41   0.879628     0.248625     4.480642  0.796281
42   1.465324    -0.015464     4.480642 -2.102732
43   0.837366     0.269560     8.705339  1.905106
44   1.759476     0.037285     4.048208  1.652869
45        NaN          NaN     0.992882  1.652869
46   1.349420     0.032316     4.048208 -2.013441
47   1.160793     0.114138     1.234323  0.097827
48        NaN          NaN     0.858884  1.065517
49   1.188691     0.101621     6.209694  0.097827
50   1.382130     0.038651     6.209694  1.923281
51   0.961977     0.207414     7.709084  2.026149
52   0.782199     0.300046     5.829767  1.120625
53   0.811778     0.283721     4.536515  1.120625
54   1.372987     0.022406     4.536515 -2.598854
55   1.385639     0.017173     3.252083 -1.630997
56   0.991700     0.192477     4.315874  0.720752
57   1.099583     0.141846     7.566871  0.720752
58   1.031882     0.175017     7.566871  2.035327
59   1.102937     0.140641     1.221256 -0.652222
60        NaN          NaN     0.901177  2.327700
61   1.322562     0.043734     7.506280 -0.652222
62   1.052073     0.166311     7.506280  1.998928
63   1.329117     0.040932     5.615601 -0.862536
64   1.238196     0.080025     1.620322 -1.422593
65   1.400914     0.010913     4.803931 -1.422593
66   1.362450     0.026776     4.803931 -2.442920
67   1.409519     0.006254     1.264170  1.249071
68   1.381279     0.019127     9.158167 -1.563816
69   1.347907     0.032804     7.272234 -1.563816
70   2.019583     0.119309     7.272234  2.981859
71   1.381428     0.018963     5.132944 -2.635670
72   1.368420     0.024448     8.319505 -2.431617
73   1.371253     0.023237     4.650674 -2.431617
74   0.845115     0.266358     4.650674  0.947063
75   1.377398     0.020701     9.224525 -0.946703
76   1.377680     0.020605     9.134673 -2.742734
77   1.418521     0.003665     7.430125 -2.742734
78   1.250433     0.074408     7.430125  0.179857
79   1.798828     0.028326     4.102078  2.155222
80   1.352307     0.031132     7.522651 -1.604561
81   1.385369     0.017332     6.224348 -1.604561
82   1.270725     0.065868     6.224348 -0.495140
83   1.355595     0.029699     4.215464 -1.242253
84   1.334923     0.038621     7.821751 -2.571960
85   1.377657     0.020621     4.073276 -2.571960
86   1.361767     0.026997     4.073276 -1.889085
87   1.205992     0.094088     2.349071 -0.803386
88   1.280596     0.061456     8.039742  0.166326
89   1.258230     0.071198     9.244063  0.166326
90   1.506486    -0.031704     9.244063 -1.639659
91   1.382741     0.018503     3.171512 -1.957364
92   0.933587     0.220920     2.976117  0.757676
93   0.957308     0.209582     5.087139  0.757676
94   1.669005     0.084800     5.087139  2.910262
95   1.268170     0.067461     0.247550 -2.576060
96   1.353962     0.030410     7.379770 -0.827430
97   1.035442     0.171761     6.070078  0.757676
98   1.288611     0.058192     6.070078 -1.244119
99   1.091612     0.145426     5.298480  0.582910
100  0.914998     0.230542     6.238497  0.982397
101  0.980178     0.198433     7.857863  0.982397
102  1.401465     0.010707     7.857863 -2.036359
103  1.202893     0.095312     4.026513 -0.160429
104  1.085329     0.148950     4.033266  1.326561
105  0.829164     0.275030     9.807451  1.326561
106  1.435273    -0.003085     9.807451 -2.892712
107  1.633406     0.010458     3.141810  2.903112
108  1.361513     0.027151     6.202460 -1.493630
109  0.762331     0.310574     5.840062  1.326561
110  1.293003     0.056266     5.840062 -0.578080
111  1.277849     0.062845     2.197165 -2.061491
112  1.005899     0.185868     6.032033  0.789747
113  1.414174     0.005141     1.630990  0.789747
114  1.161493     0.113844     6.032033  0.265259
115  1.515788    -0.017007     1.312391  0.784231
116  1.172825     0.108587     9.690820  0.747186
117  0.951978     0.212249     5.085951  0.747186
118  0.860817     0.257621     5.085951  1.302133
119  2.453128    -0.030596     0.379062  0.484393
120  1.411160     0.006577     7.410585 -1.703639
121  0.791871     0.294885     8.180437  1.302133
122  0.770940     0.306370     8.180437  1.320717
123  1.244374     0.077405     2.940605 -1.465921
124  1.299905     0.053265     5.521562 -0.751999
125       NaN          NaN     0.491741  1.320717
126  1.032965     0.173168     8.180437  0.876086
127  0.804591     0.287113     6.431315  1.533925
128  1.358074     0.028683     5.805027 -1.449254
129  0.904502     0.235114     5.784094  1.533925
130  1.129700     0.128124     5.784094  0.418518
131  1.416696     0.004326     7.944728 -2.227282
132  0.819903     0.279129     4.875098  1.281894
133  0.852509     0.261936     4.910131  1.281894
134  1.940352     0.107727     4.910131  2.119627
135  1.423373     0.031710     4.327634  1.535836
136  1.363628     0.026496     9.572595 -2.277332
137  0.807645     0.286275     7.166091  1.281894
138  1.335485     0.038145     7.166091 -0.230750
139  1.114287     0.135118     7.236689  0.675842
140  1.350166     0.031878     9.232143 -0.828578
141  1.199809     0.100648     3.186111  1.281894
142  1.336106     0.037843     7.166091 -0.307126
143  1.316317     0.046258     5.631944 -1.878568
144  1.170848     0.109628     5.684497  0.206717
145  0.844114     0.267206     9.455079  1.281894
146  1.364944     0.025829     9.455079 -0.727239
147  1.359400     0.028146     7.601469 -1.098309
148  2.657667    -0.016255     0.776835  0.794963
149  1.475295     0.051623     2.616774  1.281894
150  0.830672     0.274383     9.455079  1.265812
151  1.292876     0.056532     2.180487 -2.097822
152  1.089877     0.146206     1.659522  0.065495
153  0.853447     0.261482     4.563767  1.265812
154  1.367215     0.024735     4.563767 -1.256589
155  0.750703     0.316769     8.268036  1.665468
156  1.321416     0.044245     7.162851 -2.348020
157  0.736345     0.324782     8.367471  1.665468
158  1.345412     0.033987     8.367471 -1.049256
159  1.399712     0.011425     5.895118 -1.822583
160       NaN          NaN     0.294062  1.270829
161  0.737289     0.324260     8.687498  1.665468
162  1.343878     0.034555     8.687498 -1.894250
163  1.143456     0.122038     2.109106 -0.416364
164  1.312225     0.047951     7.985618 -0.526310
165       NaN          NaN     0.238256  1.665468
166  1.279790     0.061823     8.687498  0.040814
167  0.745965     0.319257     9.796907  1.816821
168  0.968057     0.204521     7.196685  0.881380
169  1.684264     0.013245     3.634712  1.816821
170  0.855413     0.261420     9.796907  1.245027
171  1.149834     0.119134     2.353357 -0.474452
172  1.570729     0.117479     9.937132  2.972108
173  2.338394     0.064040     3.719378  1.816821
174  1.409780     0.007387     9.796907 -1.008904
175  1.355462     0.029714     4.469881 -2.633513
176  1.970844     0.042865     4.127556  1.837967
177       NaN          NaN     0.298357  1.816821
178  0.931351     0.222508     9.796907  1.188887
179  1.411815     0.042070     6.610436  2.037309
180  0.912566     0.231455     9.889389  2.269684
181  0.749647     0.316867     8.681162  1.816821
182  0.875064     0.250057     8.681162  2.005299
183  1.345806     0.034017     5.732682 -2.947512
184  1.188139     0.102057     1.748456 -1.106546
185  1.091928     0.149438     6.350760  1.816821
186  0.741587     0.322578     8.681162  1.396863
187  0.874071     0.251377     4.017622  0.802440
188  1.381224     0.019176     6.536746 -2.716509
189  0.804870     0.287880     9.265967  1.396863
190  0.832245     0.272121     9.265967  2.073894
191  1.326670     0.041965     6.634004 -0.685669
192  1.420737     0.019804     0.470498 -0.535147
193  2.085128     0.098169     3.191667  2.073894
194  0.823723     0.277917     9.265967  1.314809
195  1.391395     0.014833     4.644453 -2.547532
196  1.292585     0.056551     2.150705 -2.177782
197  1.698633     0.038108     1.947396  1.314809
198  1.481463     0.121640     9.265967  2.797909
199  0.854293     0.261596     4.176064  0.852963
200  1.255032     0.086725     2.184141  1.626062
201  1.081164     0.150564     9.869106  0.852963
202  1.415611     0.004883     4.176064 -2.717164
203  1.286634     0.058996     4.909760 -1.848817
204  1.151391     0.118416     4.861382  0.134656
205  0.936764     0.220007     6.675947  0.852963
206  0.886148     0.244969     4.176064  0.844902
207  1.343883     0.034666     9.718292 -1.280518
208  0.955075     0.210349     2.955112  0.607410
209  1.374736     0.022756     1.705725  0.844902
210  0.955753     0.209823     4.176064  1.301630
211  1.197622     0.098015     0.627305 -1.980499
212  1.263772     0.068688     9.020087  0.205618
213  1.125405     0.129958     9.254019  0.844902
214  2.336837     0.034094     4.176064  2.144078
215  1.206673     0.094127     0.508345 -2.306426
216  1.507997     0.162882     4.958317  2.036858
217  1.025471     0.176796     8.337789  0.844902
218  1.686311     0.028042     4.176064  1.673157
219  1.351234     0.031639     2.852106 -1.327232
220  1.373822     0.022147     8.358425 -1.657954
221  1.076323     0.152578     8.847667  0.844902
222  1.059996     0.160165     4.176064  0.441887
223  1.358952     0.028267     9.032570 -0.364957
224  1.287138     0.058729     9.508537  0.213148
225  1.132251     0.126826     9.331062  0.844902
226  1.303765     0.075595     4.176064  1.538153
227  1.262940     0.069260     5.671341 -0.724052
228  1.334224     0.038848     5.765072 -0.653814
229  0.869639     0.253880     4.885337  0.844902
230  1.385102     0.017347     4.885337 -2.651340
231  1.449642    -0.009037     7.762185 -1.921599
232  1.186072     0.103052     1.199504 -1.007910
233       NaN          NaN     0.268894  0.844902
234  1.918753    -0.006159     4.885337  1.579563
235  0.872926     0.252181     7.843248  1.121913
236  1.240080     0.079287     9.154208 -0.528312
237  1.256597     0.072124     2.540489  1.121913
238  1.403306     0.009898     7.843248 -1.592151
239  3.317823     0.086963     1.437789  1.363022
240  0.788052     0.295972     6.896206  1.574913
241  0.714061     0.337811     8.970167  1.574913
242  1.315471     0.046718     8.970167 -1.535560
243  1.210686     0.092307     0.752520 -2.284164
244  1.425338     0.000908     5.331136 -2.100706
245  1.172641     0.113776     4.544158  1.574913
246  0.980054     0.198731     8.970167  0.969457
247  1.631941     0.017759     2.724720  1.334049
248  1.545385    -0.009689     0.297299 -0.280156
249  1.441076    -0.004003     2.654017  1.574913
250  1.358299     0.028504     8.970167 -0.235633
251  1.760649     0.090318     6.044098  2.278249
252  1.118321     0.133428     5.491973  0.241576
253  1.342266     0.051130     3.204802  1.574913
254  1.611940     0.150846     8.970167  2.854576
255  0.757985     0.313143     7.611092  1.452187
256  1.160196     0.114586     0.880305 -0.504594
257  0.747555     0.318875     9.386147  1.574913
258  1.312152     0.048133     8.970167 -1.265213
259  1.463553    -0.016284     2.367349  2.527514
260  1.955817     0.087781     3.165863  2.569218
261  0.937212     0.219009     5.678000  1.574913
262  1.471610    -0.017994     8.970167 -2.019758
263       NaN          NaN     1.260614  1.515364
264  0.991864     0.192640     3.825041  0.541270
265  1.422774     0.000685     1.370098  1.574913
266  0.934023     0.220722     8.970167  2.071516
267  1.371654     0.022987     8.444214 -1.447018
268  0.841263     0.267451     9.773071  2.076436
269  1.632988     0.001945     3.516968  1.574913
270  1.349053     0.032494     8.970167 -0.805313
271  1.388818     0.015915     9.599339 -0.591175
272  1.340338     0.035756     1.371282  1.636102
273  1.423941     0.000201     1.913885  1.574913
274  0.751562     0.316183     8.970167  1.734631
275  2.961617    -0.062314     2.970017  2.842494
276  1.448179    -0.008521     9.650684 -0.773552
277       NaN          NaN     0.143726  1.574913
278  1.282673     0.060542     8.970167  0.351418
279  1.383571     0.017917     7.952598 -2.239343
280  1.160358     0.114274     2.414291 -0.260587
281  0.720535     0.334098     9.508534  1.574913
282  1.342933     0.035166     9.508534 -1.939208
283  1.045744     0.167027     2.415646  0.601063
284  1.189199     0.101564     2.636103 -1.182738
285  0.797751     0.290851     7.105708  1.574913
286  1.277032     0.062993     9.508534  0.081016
287  1.204231     0.094766     5.814119  0.064407
288  1.404331     0.009678     4.079282 -1.934001
289       NaN          NaN     0.101052  1.574913
290  0.862564     0.256446     9.508534  2.097122
291       NaN          NaN     0.110095  2.193782
292  1.039231     0.170183     8.319483  0.882589
293  1.814470     0.047036     3.471079  1.574913
294  1.331978     0.039720     9.508534 -0.294246
295  1.241045     0.078851     4.533447 -1.437825
296  1.298998     0.078052     5.262143  1.693494
297  3.629841    -0.012043     1.678785  1.574913
298  1.403919     0.009454     9.508534 -0.750514
299  1.368829     0.024085     6.847297 -1.685359
300  2.595155     0.123940     3.168968  1.979957
301  1.422818     0.000666     1.213571  1.574913
302  1.400842     0.010874     9.508534 -1.655215
303  1.453839    -0.010707     9.808919 -2.551416
304  1.207589     0.094721     7.267874  2.664091
305  0.706645     0.341747     7.965968  1.574913
306  1.404518     0.009422     7.965968 -1.830250
307  1.356809     0.029323     8.164148 -1.098499
308  1.362766     0.026818     5.057628 -0.832346
309  1.806980     0.029291     3.130995  1.574913
310  1.290471     0.057256     7.965968 -0.045965
311  1.410700     0.005757     1.654458  2.896015
312  1.157349     0.115569     6.735454  0.429804
313  0.732462     0.327143     8.010728  1.574913
314  1.276162     0.063639     7.965968 -0.627300
315  1.211787     0.091646     0.818982 -1.147179
316  1.354658     0.030053     4.684152 -1.770986
317  1.803720     0.046785     1.520269  1.574913
318  1.377464     0.020524     7.965968 -1.690287
319  1.318916     0.045240     7.841529 -1.830975
320  1.278241     0.062645     4.074059 -1.313676
321  1.446452     0.040904     3.613595  1.574913
322  1.323128     0.043442     7.965968 -0.817077
323  1.137213     0.135088     6.333813  2.023617
324  1.459824    -0.013212     9.261030 -2.545560
325  0.702600     0.344251     8.769119  1.574913
326  1.383661     0.018008     8.769119 -0.202669
327  1.309543     0.049122     9.683864  0.000256
328  1.262269     0.069973     0.496877 -1.372059
329       NaN          NaN     0.302726  1.574913
330  1.207685     0.107121     8.769119  2.466847
331  1.685734     0.025412     6.486787  2.275707
332  1.106055     0.139047     1.533367 -0.440321
333  1.337892     0.092206     4.458185  1.574913
334  1.392770     0.014274     8.769119 -2.297153
335  1.020634     0.179095     7.116894  0.739361
336  1.337309     0.037578     5.900576 -1.543750
337  1.069376     0.157881     5.032916  1.574913
338  0.846142     0.264912     8.769119  2.026629
339  1.514390     0.040229     2.532793  1.339721
340  1.322400     0.043674     4.128149 -1.398488
341  1.448453     0.096101     1.838825  1.574913
342  1.517498     0.093350     8.769119  2.935086
343  1.257990     0.071382     2.756991 -1.451280
344  1.363041     0.026575     5.087059 -0.601094
345  1.272459     0.081372     4.830144  1.574913
346  1.421489     0.002412     8.769119 -1.906342
347  1.300273     0.053142     6.359616 -0.767242
348  1.452596     0.072152     9.205681  2.549988
349  1.510652    -0.012109     3.083384  1.574913
350  1.241673     0.099461     8.769119  2.618499
351  1.035460     0.171667     3.930182  0.503568
352  1.363823     0.026353     5.275358 -2.249143
353  0.730599     0.327896     7.445554  1.574913
354  1.391159     0.014877     8.769119 -1.300216
355  0.968133     0.205217     9.645672  2.320339
356  1.364702     0.025880     7.901104 -2.417465
357  0.755100     0.314830     9.904913  1.574913
358  1.368034     0.024689     8.769119 -1.872231
359  1.414300     0.005421     7.866883 -2.215385
360  1.380765     0.019132     5.447489 -0.647913
361  1.877978     0.084206     1.974908  1.574913
362  1.340082     0.036275     8.769119 -0.589359
363  1.195701     0.098595     2.530293 -0.530221
364  1.923985     0.081035     2.268481  1.372010
365  0.932202     0.221432     5.728858  1.574913
366  1.158132     0.115384     8.769119  0.609209
367  2.781775     0.017326     2.586761  2.875446
368  1.259980     0.070398     3.585934 -1.037209
369  1.960261     0.106131     2.816134  1.574913
370  1.403743     0.009778     8.769119 -2.340869
371  1.120297     0.132525     1.839332  0.489911
372  2.186259    -0.021059     3.944207  2.224293
373       NaN          NaN     1.232637  1.574913
374  1.325232     0.042466     8.769119 -0.460658
375  0.990147     0.193803     8.471825  0.896920
376  1.350053     0.032139     9.936467 -2.781592
377  0.778577     0.301352     7.575742  1.574913
378  1.401477     0.010893     8.769119 -2.060735
379  1.599650     0.051661     3.929510  1.647664
380  0.887486     0.243757     6.314881  1.660931
381  0.754234     0.314663     7.113951  1.574913
382  1.352948     0.030848     8.769119 -1.289206
383  1.393843     0.013723     7.533274 -2.909945
384  1.281202     0.061180     2.476513 -0.834948
385  0.919535     0.227645     5.946833  1.574913
386  1.399129     0.011617     8.769119 -2.776525
387  1.384779     0.017567     9.127773 -2.537091
388  2.360692     0.010507     3.212729  2.399210
389  1.333295     0.038801     1.354168  1.574913
390  1.052437     0.163974     8.769119  0.853256
391  1.090799     0.145970     2.231903 -0.146073
392  3.561216     0.046921     1.805628  2.242804
393  2.078539     0.154277     2.500142  1.574913
394  1.327543     0.041748     8.769119 -2.109706
395  1.505075     0.012519     0.178132 -1.327662
396       NaN          NaN     0.417922  2.155693
397  1.406073     0.066393     4.338415  1.574913
398  1.321408     0.044078     8.769119 -0.574043
399  0.860788     0.258576     5.454371  0.894897
400  3.813469    -0.040021     1.308242  2.285397
401  1.460957     0.066623     4.047279  1.574913
402  1.360684     0.027681     8.769119 -1.374199
403  1.823264     0.022325     5.876878  2.941653
404  1.218186     0.088976     0.997166 -2.307873
405  1.505362     0.047378     3.411021  1.574913
406  1.286328     0.058993     8.769119  0.008874
407  1.048010     0.165830     2.154581  0.146710
408  1.404079     0.009600     9.457596 -0.932303
409  0.891753     0.241572     6.121531  1.574913
410  1.409647     0.007173     8.769119 -2.909888
411  2.113494     0.058416     4.244791  2.577383
412  1.365412     0.025474     3.888731 -2.591974
413  1.306486     0.078800     4.840142  1.574913
414  1.396019     0.012852     8.769119 -0.796435
415  1.297338     0.054518     7.315729 -1.656807
416  1.226647     0.085391     0.739058 -1.853771
417  0.736202     0.325121     8.770706  1.574913
418  1.304108     0.051565     8.769119 -0.243258
419  3.841463    -0.001194     1.491147  2.118075
420  1.315264     0.049706     0.279641 -2.021227
421  1.313330     0.096496     4.272905  1.574913
422  1.579546     0.049596     8.769119  2.911811
423  1.153942     0.117387     1.327322 -0.933409
424  2.177121     0.077809     2.670903  2.268231
425  0.860753     0.257391     5.971995  1.574913
426  1.426009     0.000519     8.769119 -1.525289
427  1.226757     0.085099     7.273144 -0.186010
428  1.388147     0.016051     8.501706 -1.209063
429  0.770570     0.305694     7.323027  1.574913
430  0.790650     0.294342     8.769119  1.912269
431  1.115923     0.134631     1.505723 -0.680252
432  1.356062     0.029534     5.388859 -1.030394
433  0.770344     0.305728     7.053705  1.574913
434  0.766735     0.307413     8.769119  1.881200
435  1.298801     0.053834     5.199958 -0.551573
436  1.685198     0.026185     6.449399  2.345126
437  0.783982     0.298493     7.631885  1.574913
438  1.392382     0.014365     8.769119 -1.954440
439  1.369493     0.023981     5.920803 -2.894401
440  0.761238     0.311202     6.138686  1.309023
441  0.821603     0.277990     6.843950  1.574913
442  1.391976     0.014604     8.769119 -1.701208
443  0.718885     0.334603     9.438816  1.750449
444  2.238017     0.142991     4.461431  2.966973
445  1.434454    -0.004202     1.260186  1.574913
446  1.403709     0.009957     8.769119 -2.740298
447       NaN          NaN     1.063583  1.338539
448  1.964441     0.065519     5.734683  2.949292
449  0.773573     0.303967     7.081040  1.574913
450  1.219866     0.087963     8.769119  0.274948
451  1.323889     0.042803     2.492244  2.722474
452  1.144207     0.121491     6.519884  0.470610
453  0.730321     0.328271     8.032394  1.574913
454  1.413081     0.005881     8.769119 -2.865456
455  1.705320     0.128774     6.645118  2.531114
456  2.511068     0.114760     2.180109  1.485982
457  2.086090     0.046507     2.896600  1.574913
458  1.384641     0.017749     8.769119 -1.819294
459  1.261483     0.069926     3.707067 -1.173339
460  1.356093     0.029499     6.351440 -0.987185
461  0.818091     0.279877     6.808400  1.574913
462  1.379633     0.019751     8.769119 -2.907593
463  2.206545     0.076279     3.208264  1.744157
464  2.138760     0.084222     6.466895  2.803375
465  1.991890     0.039398     1.643249  1.574913
466  1.285935     0.059122     8.769119 -0.372977
467  0.866942     0.254210     6.900320  1.707017
468       NaN          NaN     0.310571  1.905936
469  0.779602     0.300684     6.949094  1.574913
470  1.351806     0.031459     8.769119 -1.716792
471  1.212009     0.091554     1.184033 -2.179067
472  1.284718     0.059873     2.191437 -2.188263
473  1.183481     0.111543     4.718549  1.574913
474  1.319732     0.044799     8.769119 -0.782787
475  4.711971     0.020134     4.329349  1.857264
476  1.407684     0.007994     9.381341 -2.684597
477  1.874532     0.085843     2.860561  1.574913
478  1.312135     0.047859     8.769119 -0.107649
479  1.179989     0.105822     1.241337 -1.446360
480  1.420025     0.003002     8.373049 -1.377272
481  1.401059     0.009822     1.296333  1.574913
482  0.995275     0.191903     8.769119  2.208785
483  1.350331     0.032050     7.138941 -2.533472
484  0.931183     0.222570     9.428561  1.145749
485  0.907893     0.233456     5.694384  1.574913
486  1.345936     0.088934     8.769119  2.630146
487  1.189617     0.101000     4.617426  0.175413
488  1.457758     0.015126     0.185373 -1.492436
489  0.972294     0.202187     5.476897  1.574913
490  1.313784     0.047414     8.769119 -0.325016
491  2.170892     0.131450     4.243764  2.590279
492  1.289947     0.057386     3.278342 -1.150475
493  1.248316     0.076205     1.242610  1.574913
494  1.358988     0.028239     8.769119 -0.122210
495  1.265373     0.068113     3.390412 -1.279328
496  2.083170     0.068869     2.569020  1.588709
497       NaN          NaN     0.690101  1.574913
498  1.366943     0.025007     8.769119 -2.433539
499  0.900838     0.238068     9.943809  1.184433