error: 0.68 | highest correlation: nan
best global temp: 8.485410995724626 | best alpha: 1.0673352058656747 | best average temperature: 2.00
time scale: <class 'ising.Jij_sorted_ising'> | partial correlation: False

        error  correlation  global temp     alpha
0    2.716562     0.164063     4.228518  1.321947
1    2.982797     0.107241     3.288842  2.762276
2    2.172194     0.022318     3.521288 -2.105277
3    2.200352    -0.009743     2.971673 -2.105277
4    1.978848    -0.004744     2.971673 -1.607976
5    2.071828     0.208027     9.877176  2.126444
6    1.621578    -0.021172     6.367867 -0.182866
7    1.620585    -0.014434     7.156039 -0.182866
8    1.480453     0.030308     7.156039 -0.110900
9    1.588665     0.250283     9.758132  1.891193
10   2.890874     0.107284     3.116424  2.413172
11   2.878976     0.137604     6.831047  2.413172
12   2.213681     0.008650     6.831047 -1.888274
13   1.007944     0.293195     9.436608  2.817287
14   1.839833     0.183917     6.754764  2.883429
15   1.825947     0.178371     6.430892  2.883429
16   1.927504     0.229660     6.430892  1.550658
17   0.981504     0.319810     9.038912  1.550908
18   2.199715    -0.001044     6.904379 -1.403944
19   1.775251    -0.026012     1.076585 -1.403944
20   1.268002     0.094222     1.076585  0.150704
21   1.957668     0.196497     5.540625  2.870571
22   1.946566     0.046233     9.938582 -1.198664
23   1.819631    -0.017647     2.844999 -1.198664
24   2.970443     0.089960     2.844999  2.200378
25   2.981538     0.072325     1.622377  1.200350
26   0.929294     0.316300     6.894863  2.291519
27   2.800540     0.153063     8.167990  2.291519
28   1.476744     0.022227     8.167990  0.073778
29   1.551617    -0.002406     1.595718 -0.508888
30   2.395684     0.001729     4.831899 -2.594185
31   1.947250    -0.005905     0.358018 -2.594185
32   1.955566     0.015010     0.358018 -2.968520
33   0.896297     0.272491     4.118396  0.702613
34   2.801315    -0.037083     8.487158 -2.266820
35   2.442234    -0.018281     5.128954 -2.266820
36   2.056861    -0.029125     5.128954 -1.363641
37   1.762812    -0.029409     5.446479 -0.695595
38   1.393075     0.045381     0.862052 -0.215516
39   1.460722     0.024439     1.956760 -0.215516
40   1.680746    -0.020020     1.956760 -0.910292
41   2.200707    -0.023558     3.574728 -1.809238
42   1.045105     0.193732     5.057278  0.486269
43   1.076399     0.180358     6.643018  0.486269
44   1.727464     0.155875     6.643018  2.650437
45   1.475912     0.019361     5.043619 -0.022877
46   2.568557    -0.026305     6.561557 -2.339202
47   2.316762    -0.022744     1.909629 -2.339202
48   2.556349    -0.029510     1.909629 -2.967138
49   1.940809    -0.024559     3.944433 -1.177506
50   1.616982     0.186191     7.747408  2.917981
51   2.462888     0.120091     5.868796  2.917981
52   1.751584     0.026239     5.868796 -1.084730
53   2.325911     0.003944     7.064124 -1.961057
54   2.316898    -0.004205     2.198196 -2.506013
55   2.263663     0.035676     3.316787 -2.506013
56   1.430029     0.033994     3.316787 -0.114947
57   2.135618     0.026879     2.075908 -2.369824
58   1.968133    -0.018238     4.678770 -1.365136
59   1.992395    -0.018679     4.404728 -1.365136
60   1.143826     0.149196     4.404728  0.336471
61   1.646553    -0.027520     1.509753 -0.864348
62        NaN          NaN     0.695286  1.317687
63   1.627760     0.003965     0.323102 -0.864348
64        NaN          NaN     0.323102  2.392673
65   2.241240    -0.000317     7.821821 -1.593675
66   1.315027     0.078089     4.029038  0.111784
67   1.415950     0.042504     6.748070  0.111784
68   1.976516     0.003325     6.748070 -1.318861
69   2.362955    -0.028274     6.425361 -1.985603
70   0.983524     0.293774     4.265164  0.898080
71   1.519175     0.003977     1.471386  0.898080
72   3.666599     0.041971     1.471386  2.019663
73   2.014935     0.020951     7.151986 -1.503827
74   1.406357     0.054770     9.031192  0.002989
75   1.443597     0.042455     8.833940  0.002989
76   1.011407     0.318062     8.833940  1.568158
77   2.711569     0.010006     8.901485 -2.584020
78   2.183920    -0.001122     6.731364 -1.544133
79   1.485777     0.269769     7.188210  1.568158
80   2.437058     0.016194     7.188210 -2.500897
81   2.900457     0.137021     9.882332  2.739891
82   1.647855    -0.021536     7.040361 -0.241000
83   1.503814     0.014623     3.953803 -0.241000
84   1.647220    -0.026963     3.953803 -0.427308
85   0.993696     0.218111     4.084251  0.524425
86   1.687107     0.221544     7.259505  2.385789
87   2.057999    -0.022020     2.389884  0.524425
88   1.719101    -0.032322     4.084251 -0.706548
89   0.793769     0.318616     6.325070  0.747854
90   1.225642     0.115386     5.486444  0.227033
91   0.922467     0.269580     4.092002  0.747854
92   1.082107     0.247963     4.092002  0.864900
93        NaN          NaN     0.562654  1.743530
94   0.792011     0.319731     9.976735  0.817200
95   0.835642     0.296745     9.147181  0.817200
96   1.614156     0.000536     9.147181 -0.313690
97   2.776181    -0.027095     8.317998 -2.351533
98   2.650531    -0.004911     5.506034 -2.707101
99   0.755445     0.339936     6.152076  0.817200
100  1.698814    -0.022363     6.152076 -0.487457
101  2.245345     0.002447     2.796778 -2.258736
102  2.293079     0.195002     8.711634  2.052820
103  2.623447    -0.026167     2.901354  0.817200
104  2.761706     0.152147     6.152076  1.877703
105  1.826344    -0.029699     4.642151 -0.888122
106  1.697024    -0.022569     4.933335 -0.635059
107  3.943296    -0.018581     0.468050  0.817200
108  1.795227    -0.003129     6.152076 -0.897366
109  2.578021     0.166478     8.958804  2.241079
110  1.266909     0.097847     4.460636  0.166405
111  1.897916     0.052254     3.362916  0.817200
112  2.963095     0.148138     6.152076  1.957288
113  2.392601    -0.000068     3.950280 -2.086032
114  0.929658     0.319567     9.846529  1.573563
115  1.156974     0.194770     3.980946  1.573563
116  2.347064     0.110341     3.980946  2.065288
117  1.689207    -0.011736     6.427106 -0.522254
118  1.197368     0.127579     8.905298  0.520907
119  0.901387     0.263083     5.028690  0.520907
120  1.946608     0.182342     5.028690  2.566169
121  1.628137    -0.011097     1.637869 -0.133018
122  1.653046    -0.013813     1.133842 -1.120484
123  1.106959     0.167510     8.677180  0.520907
124  0.704123     0.372276     8.677180  1.122651
125  2.136505     0.205428     8.164967  1.884227
126  0.723039     0.357595     7.802847  0.921672
127  1.427053     0.217628     3.876580  0.921672
128  1.178337     0.298797     7.802847  1.529794
129  1.617792    -0.005792     7.535743 -0.261096
130  1.841280    -0.023927     6.016303 -0.838060
131  0.955756     0.237745     2.710915  0.921672
132  2.281204     0.000419     7.802847 -1.789585
133  1.169620     0.241070     6.297974  2.221007
134  3.033468     0.106271     2.854960  2.650195
135  1.617464     0.183762     3.757318  0.921672
136  1.415717     0.043726     7.802847  0.127127
137  0.889455     0.296028     5.469639  1.805661
138  1.671929    -0.010946     2.093746 -0.961318
139  0.711756     0.367999     5.869850  0.921672
140  2.439607    -0.015647     5.869850 -2.246115
141  1.232913     0.111389     4.822269  0.246217
142  1.958426    -0.009601     2.137535 -1.638789
143  0.728539     0.354859     7.332264  0.921672
144  1.559630     0.002724     7.332264 -0.212117
145  0.766208     0.333792     9.915004  0.934910
146  1.080737     0.177498     4.681963  0.393448
147  0.977836     0.226830     2.546762  0.934910
148  2.365069     0.180891     9.915004  2.246318
149  3.869652    -0.001194     1.491121  2.486699
150  1.522759     0.008342     1.821275 -0.601319
151  0.709907     0.368330     6.303001  0.934910
152  0.723474     0.357554     6.303001  0.836744
153  2.463038    -0.021423     6.193919 -2.503301
154       NaN          NaN     0.368874  0.954527
155  0.796099     0.317422     8.604496  0.836744
156  2.366146    -0.014331     8.604496 -1.905357
157  3.393601     0.067938     2.450521  2.801076
158  1.941924     0.189803     4.042642  2.131918
159  1.395128     0.038894     1.679454  0.836744
160  1.496218     0.014129     8.604496  0.142876
161  3.288213     0.085959     2.656846  2.994886
162  1.571511    -0.003112     4.473542 -0.343678
163  1.298627     0.196057     3.725734  0.836744
164  0.927548     0.333374     8.604496  1.498411
165  0.798331     0.349287     7.864270  1.292271
166  1.666363    -0.004569     0.718963 -1.139186
167  0.727208     0.368325     9.657080  1.292271
168  1.327469     0.074246     9.657080  0.425181
169  0.706668     0.375105     9.653444  1.243201
170  2.490712    -0.031102     3.072637 -2.342293
171  0.753351     0.361817     8.137784  1.243201
172  1.312119     0.081197     8.137784  0.299094
173  1.060992     0.187275     6.626148  0.491410
174  0.988296     0.284151     6.274947  2.138927
175  0.744754     0.355739     9.654859  1.243201
176  0.726710     0.358841     9.654859  1.143718
177  1.144096     0.149348     3.322187  0.345364
178  0.862683     0.282589     5.246263  0.596536
179  1.374523     0.076940     2.336155  1.143718
180  1.170201     0.305815     9.654859  1.759734
181  1.969726     0.012081     1.349982 -2.049899
182  1.883064     0.173847     5.735724  2.600355
183  1.045921     0.332750     5.252703  1.143718
184  2.494590     0.175409     9.654859  2.299008
185  2.328372     0.022543     2.003012 -2.535866
186  1.089505     0.304779     7.988091  1.515343
187  0.911866     0.258488     3.207493  1.143718
188  1.673184    -0.019142     9.654859 -0.237560
189  2.384705    -0.019228     1.597303 -2.378663
190  3.407314     0.050338     1.551432  1.370753
191  0.725531     0.370111     7.245383  1.143718
192  0.711635     0.366277     7.245383  0.980237
193  1.261986     0.297615     7.571789  1.534186
194  0.809230     0.324733     4.762369  0.842699
195  0.755751     0.341105     7.678452  0.980237
196  1.918994    -0.014576     7.678452 -1.074977
197  0.737778     0.351428     9.699174  1.100598
198  1.192633     0.131744     9.789550  0.418724
199  3.691016     0.008134     1.261571  1.100598
200  2.970096     0.130746     9.699174  2.806085
201  1.537486     0.001642     7.360226 -0.000934
202  1.633820     0.190485     7.010353  2.712045
203  1.111187     0.162419     2.584753  1.100598
204  2.476479     0.001477     9.699174 -1.912754
205  1.460803     0.026832     3.000397 -0.272925
206  1.988468     0.120138     4.812452  2.074984
207       NaN          NaN     0.832520  1.100598
208  2.551901     0.019262     9.699174 -2.568019
209  1.800648     0.038207     0.397953 -2.511583
210  1.138711     0.177430     3.619209  0.684120
211  0.717950     0.366129     7.979338  1.100598
212  1.921814    -0.016384     7.979338 -0.829398
213  1.747808    -0.042987     3.105367 -0.795454
214  2.406493    -0.021342     7.144810 -1.975938
215  0.705892     0.370635     8.840953  1.100598
216  1.065670     0.185524     8.840953  0.597917
217  2.787266    -0.012353     9.253147 -2.572871
218  1.346188     0.067119     6.088553  0.207400
219  3.477890     0.015531     1.338476  1.100598
220  2.458263     0.008939     8.840953 -2.273032
221  1.900874    -0.011500     0.387995 -2.270287
222       NaN          NaN     0.615302  2.305081
223  1.030953     0.326487     5.142318  1.100598
224  0.744801     0.346186     8.840953  0.975269
225  1.935904     0.033757     0.415890 -2.834876
226  0.970172     0.271529     5.463780  1.890917
227  0.865332     0.339663     4.781924  0.975269
228  0.736262     0.352449     8.840953  1.067335
229  2.177933    -0.044017     4.965162 -1.487748
230  2.602052     0.123513     3.760718  2.610132
231  2.315608     0.040577     1.563345  1.067335
232  2.261009    -0.003518     8.840953 -1.621688
233  1.510653     0.005956     2.920819 -0.298364
234  1.536451     0.006402     9.332248  0.043802
235  1.070405     0.181762     2.593073  1.067335
236  2.347309     0.183800     8.840953  2.084225
237  2.218433     0.005321     2.428295 -2.171628
238  3.261202     0.109576     1.565781  1.525709
239  0.687299     0.380219     8.129486  1.067335
240  2.472126     0.184430     8.129486  2.050270
241  1.434490     0.274249     9.684233  1.857905
242  1.863429    -0.014167     0.965702 -1.621429
243  1.031691     0.200260     2.648116  1.067335
244  1.823817    -0.008977     8.129486 -0.690014
245  3.404326     0.065370     2.611914  2.894153
246  2.781607     0.124399     2.339234  1.776027
247  3.159854     0.101240     1.322818  1.067335
248  2.202799    -0.002155     8.129486 -1.510651
249  2.035638    -0.022289     3.609881 -1.420455
250  3.017197     0.131312     6.730138  2.211944
251  0.716741     0.366600     7.593943  1.067335
252  2.836022    -0.019514     7.593943 -2.841318
253  1.194848     0.244922     7.622667  2.482143
254  2.317079     0.123551     5.377417  2.638570
255  0.737442     0.352130     9.182434  1.067335
256  0.983459     0.296171     9.182434  2.755502
257  1.995090     0.008334     7.537233 -1.165921
258       NaN          NaN     0.320013  2.607826
259  1.353152     0.211367     3.251998  1.067335
260  1.197913     0.127930     9.182434  0.443484
261  2.719391     0.120120     3.778554  2.222217
262  2.954139    -0.004813     8.904548 -2.850956
263  1.363194     0.323177     4.328917  1.067335
264  2.739486    -0.026498     9.182434 -2.596131
265       NaN          NaN     0.267878  2.980928
266  2.029492     0.033345     5.017500 -1.749222
267  2.085076     0.233507     3.812210  1.067335
268  1.121208     0.161039     9.182434  0.533657
269  0.857301     0.285559     8.494881  0.752740
270  1.919728    -0.005385     8.153609 -0.896756
271  0.886834     0.271068     3.001519  1.067335
272  1.391672     0.213150     9.182434  2.961598
273  1.510726     0.008978     1.981127 -0.116665
274  2.477344    -0.030150     3.822017 -2.251959
275  3.417462    -0.000741     1.294296  1.067335
276  1.151444     0.299992     9.182434  1.680803
277  1.660679    -0.022901     7.229478 -0.312329
278  1.935587     0.223564     9.675465  2.026115
279  0.915703     0.256086     3.019804  1.067335
280  2.647512     0.007251     9.182434 -2.483506
281  2.499971     0.002989     8.572695 -2.284120
282  2.416779     0.184534     8.756112  2.181817
283  0.717963     0.364489     7.897415  1.067335
284  0.972264     0.310692     7.897415  2.548732
285  1.171577     0.184287     4.687660  1.692162
286  1.478785     0.010612     1.349916  0.792129
287  0.711184     0.366431     9.029693  1.067335
288  2.748099    -0.006576     9.029693 -2.661596
289  1.555867     0.001731     4.880272 -0.286290
290  1.309797     0.076630     1.109864  0.006869
291  0.750415     0.344604     9.968887  1.067335
292  2.326958    -0.003395     9.029693 -1.658299
293       NaN          NaN     0.333295  2.001310
294  1.744076     0.113326     3.644369  1.652745
295  0.729753     0.355250     9.783300  1.067335
296  2.622880     0.016961     9.029693 -2.489961
297  2.007091    -0.019000     8.094766 -0.955146
298  1.731108    -0.013102     8.979957 -0.541038
299  2.401750     0.156954     3.132359  1.067335
300  1.813936     0.235493     9.029693  1.902416
301  2.229255    -0.004655     5.882878 -1.879849
302  2.012311     0.011230     1.571597 -1.878085
303  2.454423     0.180032     3.660241  1.067335
304  2.211239     0.031296     9.029693 -1.890132
305  1.894387    -0.020724     9.105379 -0.827271
306  1.766313     0.013825     8.708690 -0.777742
307  0.703826     0.388320     6.232972  1.067335
308  0.860238     0.283844     6.232972  0.674907
309  1.814482    -0.009201     6.969091 -0.905315
310  2.068638     0.212585     9.347932  2.025419
311  1.022853     0.204237     2.888007  1.067335
312  1.631629     0.254224     6.232972  1.437813
313  2.011396     0.022066     9.134230 -1.265365
314  2.608559     0.168432     8.113399  2.112895
315  0.687115     0.386149     7.060436  1.067335
316  2.386226     0.002043     7.060436 -1.967813
317  2.099641    -0.026645     3.317924 -1.417717
318  1.426021     0.035812     2.750989 -0.164846
319  0.728802     0.358351     8.239050  1.067335
320  2.734480     0.146702     7.060436  2.244290
321  1.778962     0.006842     8.290202 -0.809041
322  1.454635     0.026247     0.807136 -0.092649
323  2.438152     0.038862     1.508847  1.067335
324  1.377699     0.218144     7.060436  2.815329
325  1.599603    -0.002165     8.051072 -0.253365
326  1.071092     0.321055     6.364767  1.297093
327  1.824346     0.031619     1.726787  1.067335
328  1.234875     0.241485     7.060436  2.424635
329  0.989368     0.221003     2.625131  0.972135
330  2.091685     0.002609     3.400394 -1.764991
331  0.692818     0.382247     6.877335  1.067335
332  1.882047     0.137961     6.877335  2.804528
333  1.777271     0.017823     2.817666  0.607733
334  2.565951     0.008667     3.361721 -2.990445
335       NaN          NaN     0.658837  1.067335
336  0.950749     0.342134     6.877335  1.344822
337  3.544293     0.041968     1.964245  2.369914
338  1.687962    -0.014254     8.133884 -0.412648
339  0.859571     0.284896     3.295757  1.067335
340  2.084912     0.211621     6.877335  1.660156
341  1.740821    -0.031192     4.746552 -0.650300
342  1.692775    -0.013234     0.870381 -1.330912
343       NaN          NaN     0.284015  1.067335
344  1.550112     0.016594     6.877335 -0.333955
345  0.824034     0.304306     4.782489  0.721601
346  2.231591    -0.020813     2.786710 -2.048214
347  0.753871     0.342558     9.999041  1.067335
348  0.839097     0.352413     6.877335  1.261301
349  1.331889     0.074799     9.367388  0.332701
350  0.974578     0.228867     9.790896  0.630252
351  0.715086     0.364274     8.228196  1.067335
352  1.702072    -0.032431     6.877335 -0.432750
353  2.583783    -0.024464     5.088523 -2.634690
354  2.711639    -0.010786     9.623863 -2.605657
355  1.863990     0.200217     3.510016  1.067335
356  1.089923     0.270166     6.877335  2.299036
357  1.891749    -0.027193     6.854655 -0.764245
358  2.261653     0.195242     5.598934  1.480388
359  1.124788     0.156030     2.359758  1.067335
360  1.563696     0.197316     6.877335  2.875658
361  1.764006     0.003203     3.878393 -1.034175
362  1.963560    -0.004866     2.630389 -1.591255
363  0.707254     0.373464     7.262649  1.067335
364  0.985610     0.222656     6.877335  0.545046
365  1.913340     0.000572     0.668790 -2.337028
366  1.972390     0.093971     3.670317  1.677766
367  2.579767     0.149129     3.058086  1.067335
368  0.803307     0.313645     6.877335  0.671837
369  1.669895    -0.007563     0.261562 -1.172526
370  1.686318    -0.016225     0.685544  0.089704
371  1.669151     0.055356     1.728880  1.067335
372  0.858189     0.285017     6.877335  0.682594
373  0.740322     0.354265     8.387759  1.131144
374  1.921559    -0.045725     3.306086 -1.096961
375  0.859061     0.375119     5.074890  1.067335
376  0.713161     0.377322     6.877335  1.102230
377  1.509824     0.017808     0.907084  0.258110
378  1.941686     0.028837     4.940542 -1.704150
379  1.023203     0.204018     2.676996  1.067335
380  1.998417     0.001260     6.877335 -1.278400
381  2.151094    -0.003504     1.244610 -2.527604
382  1.741954    -0.019533     3.040697 -0.850112
383  0.739375     0.365697     6.358970  1.067335
384  1.622593    -0.019454     6.877335 -0.222324
385  1.874264    -0.031390     2.374907 -1.341388
386  3.502478     0.052489     2.183292  2.823960
387  3.463483     0.005703     1.341257  1.067335
388  1.905358     0.143600     6.877335  2.936735
389  2.189178     0.026560     4.134606 -1.875596
390  0.994368     0.293712     9.943503  2.771910
391  0.720491     0.363608     7.699733  1.067335
392  2.215035     0.001832     6.877335 -1.701676
393  2.546030     0.180107     7.710740  2.032270
394  2.603591    -0.011037     4.108148 -2.710795
395  3.577836     0.055584     1.135823  1.067335
396  0.960574     0.327505     6.877335  1.307532
397  3.295235     0.073179     2.832874  2.994793
398  1.800054     0.027656     1.257102 -1.872875
399  0.699398     0.375367     7.735173  1.067335
400  1.336354     0.284263     7.735173  1.576122
401  0.866951     0.280626     6.397266  0.653945
402  1.921413    -0.024951     3.345003 -1.304223
403  1.407269     0.309081     4.345860  1.067335
404  0.954595     0.332092     7.735173  1.433189
405  1.785833    -0.005008     6.283300 -0.890510
406  1.950156    -0.018061     0.614241 -2.441985
407  0.718326     0.362409     8.583859  1.067335
408  1.222705     0.118464     7.735173  0.347523
409  1.453002     0.267602     8.809760  1.766742
410  1.973732    -0.024648     0.499725 -2.235853
411  0.920637     0.362211     4.987314  1.067335
412  1.959703    -0.003117     7.735173 -1.374973
413  3.081495     0.114522     2.249551  2.024675
414  1.658355    -0.002746     1.501408 -1.146195
415  2.621922     0.164388     3.317310  1.067335
416  2.153122     0.005919     7.735173 -1.466701
417  0.942809     0.312250     7.373599  2.349393
418  2.000798     0.003446     5.525784 -1.340237
419  0.741784     0.348225     9.807157  1.067335
420  1.645728    -0.009318     7.735173 -0.419382
421  1.944376    -0.003218     0.606076 -2.329216
422  2.394120     0.012818     4.570492 -2.365727
423  0.676807     0.385401     8.485411  1.067335
424  2.637479    -0.005790     8.485411 -2.466004
425  3.057282     0.133388     3.911434  1.328282
426  1.380807     0.060232     9.276920  0.167914
427  0.716915     0.379338     6.276374  1.067335
428  2.165098     0.002444     8.485411 -1.479494
429  2.217461     0.002633     2.946076 -2.255262
430  1.528307     0.182744     6.721331  2.545151
431  0.907856     0.260146     3.096126  1.067335
432  0.718081     0.365211     8.485411  1.118006
433  1.254272     0.102919     2.792346  0.201216
434  2.725326     0.116173     3.878069  2.658297
435  0.774879     0.346994     6.336627  1.067335
436  1.012038     0.210701     8.485411  0.553117
437  1.993284     0.225588     4.638289  1.210254
438  2.348692     0.006618     3.333918 -2.254889
439  0.733361     0.364695     6.613140  1.067335
440  0.892549     0.322875     8.485411  2.537678
441  2.363736     0.001587     2.813872 -2.505846
442  1.744488    -0.027904     9.754571 -0.503687
443  0.739150     0.349769     9.949443  1.067335
444  2.018163    -0.017673     8.485411 -1.086850
445  3.304935     0.070301     2.729422  2.694304
446  3.862618    -0.007407     1.148801  1.159573
447  0.746103     0.354761     6.730138  1.067335
448  2.624731     0.004226     8.485411 -2.539011
449  0.776924     0.334594     5.316285  0.880978
450  0.808518     0.310940     6.951077  0.820709
451  1.138209     0.150383     2.448204  1.067335
452  2.287298     0.004263     8.485411 -2.073899
453  0.833469     0.341255     4.799701  0.955147
454  1.703789    -0.029397     6.317662 -0.435937
455  1.558336     0.283952     4.228568  1.067335
456  2.563553    -0.008843     8.485411 -2.251163
457  1.465600     0.022716     2.554814 -0.264573
458  2.751339    -0.005832     9.993393 -2.568602
459  2.059299     0.240405     3.841512  1.067335
460  1.646397    -0.021696     8.485411 -0.260583
461  1.139137     0.265645     8.149629  2.691037
462  1.763127    -0.025275     1.098915 -0.023064
463  0.931612     0.249195     2.846049  1.067335
464  0.816244     0.306887     8.485411  0.832016
465  1.580416    -0.001646     0.442711 -1.436323
466  2.862855    -0.023522     9.402743 -2.600765
467  0.712934     0.372892     6.961385  1.067335
468  1.463001     0.033738     8.485411 -0.016943
469  2.621941     0.158558     8.869144  2.391723
470  1.473808     0.022065     5.626560 -0.006136
471  0.727774     0.362901     7.219691  1.067335
472  2.609941     0.002019     8.485411 -2.454762
473  1.464870     0.009795     1.688241  0.916906
474  1.823620    -0.049769     3.288573 -0.909715
475  1.347310     0.078838     1.897460  1.067335
476  1.234366     0.113949     8.485411  0.344911
477  0.925071     0.251120     4.578816  0.549815
478  0.866356     0.281053     6.473547  0.615697
479  0.703178     0.372131     8.091833  1.067335
480  1.957991    -0.019023     8.485411 -0.977821
481  1.632901     0.190780     7.557097  2.931945
482  2.700894     0.009834     7.513549 -2.679318
483  2.091444     0.238858     3.848516  1.067335
484  2.736814     0.008573     8.485411 -2.875099
485  2.139692     0.008029     9.411686 -1.421337
486       NaN          NaN     1.258500  2.231985
487  1.030881     0.200437     2.595256  1.067335
488  2.567642     0.004921     8.485411 -2.107104
489  1.932862     0.001990     5.200797 -1.305896
490  2.165752    -0.014594     3.058760 -1.861400
491  0.736013     0.374742     6.055978  1.067335
492  2.198273    -0.025621     8.485411 -1.258022
493  1.161436     0.143768     8.134340  0.451169
494       NaN          NaN     0.244070  2.794349
495  1.189392     0.128308     2.062329  1.067335
496  1.949633     0.224859     8.485411  1.883385
497  1.990342     0.037125     3.296785 -1.912322
498  0.784706     0.323567     9.100499  0.850427
499  0.884285     0.354450     5.172111  1.067335