error: 0.35 | highest correlation: nan
best global temp: 4.583370339095987 | best alpha: 0.8989228564825832 | best average temperature: 1.15
time scale: <class 'ising.Jij_sorted_ising'> | partial correlation: False

        error  correlation  global temp     alpha
0    1.451358     0.456708     4.228518  1.321947
1    2.650717     0.113527     3.288842  2.762276
2    2.041547    -0.018673     3.521288 -2.105277
3    2.043606    -0.012095     2.971673 -2.105277
4    1.827047    -0.039106     2.971673 -1.607976
5    1.467374     0.449625     4.228518  1.321947
6    1.398435     0.471437     4.228518  1.321947
7    1.428186     0.464359     4.228518  1.321947
8    2.907547     0.141998    10.000000  3.000000
9    2.889586     0.143698    10.000000  3.000000
10   1.711580     0.270743    10.000000  3.000000
11   2.555926     0.207256     7.484597  2.268649
12   2.565135     0.205303     7.484597  2.268649
13   2.487779     0.216091     7.484597  2.268649
14   1.837357     0.362181     5.244733  1.617411
15   1.876889     0.350798     5.244733  1.617411
16   1.866574     0.357312     5.244733  1.617411
17   1.644333     0.410739     4.675461  1.451895
18   1.580545     0.418949     4.675461  1.451895
19   1.646691     0.408018     4.675461  1.451895
20   1.482659     0.454623     4.331606  1.351920
21   1.481938     0.450136     4.331606  1.351920
22   1.405941     0.467323     4.331606  1.351920
23   1.446119     0.456162     4.258342  1.330618
24   1.427584     0.464951     4.258342  1.330618
25   1.463232     0.453054     4.258342  1.330618
26   1.456632     0.451830     4.237644  1.324600
27   1.421704     0.462986     4.237644  1.324600
28   1.455664     0.455994     4.237644  1.324600
29   1.382554     0.473793     4.230971  1.322660
30   1.437850     0.461564     4.230971  1.322660
31   1.423688     0.466858     4.230971  1.322660
32   1.386350     0.475167     4.229689  1.322287
33   1.457976     0.448765     4.229689  1.322287
34   1.486956     0.451138     4.229689  1.322287
35   1.407758     0.470531     4.229119  1.322122
36   1.450793     0.458187     4.229119  1.322122
37   1.432520     0.461554     4.229119  1.322122
38   1.469417     0.455570     4.228785  1.322025
39   1.422929     0.464800     4.228785  1.322025
40   1.431168     0.461327     4.228785  1.322025
41   1.451025     0.458376     4.228581  1.321965
42   1.458507     0.457873     4.228581  1.321965
43   1.399220     0.469174     4.228581  1.321965
44   1.365629     0.477397     4.228538  1.321953
45   1.470486     0.456548     4.228538  1.321953
46   1.493545     0.450278     4.228538  1.321953
47   1.414847     0.466480     4.228529  1.321950
48   1.434005     0.460941     4.228529  1.321950
49   1.370356     0.482172     4.228529  1.321950
50   1.444535     0.462450     4.228522  1.321948
51   1.469216     0.454217     4.228522  1.321948
52   1.426794     0.460886     4.228522  1.321948
53   1.453197     0.453830     4.228519  1.321947
54   1.467463     0.450335     4.228519  1.321947
55   1.455961     0.455443     4.228519  1.321947
56   1.393234     0.466315     4.228519  1.321947
57   1.396413     0.471096     4.228519  1.321947
58   1.396788     0.471398     4.228519  1.321947
59   1.417836     0.460399     4.228519  1.321947
60   1.425365     0.463985     4.228519  1.321947
61   1.433122     0.461864     4.228519  1.321947
62   1.438984     0.458833     4.228519  1.321947
63   1.434942     0.463604     4.228519  1.321947
64   1.433652     0.462306     4.228519  1.321947
65   1.412596     0.467220     4.228519  1.321947
66   1.416706     0.468659     4.228519  1.321947
67   1.429669     0.463981     4.228519  1.321947
68   1.392256     0.471980     4.228519  1.321947
69   1.436725     0.462838     4.228519  1.321947
70   1.416116     0.463375     4.228519  1.321947
71   1.448770     0.460038     4.228519  1.321947
72   1.457246     0.453428     4.228519  1.321947
73   1.463656     0.456730     4.228519  1.321947
74   1.429943     0.463552     4.228519  1.321947
75   1.424942     0.466838     4.228519  1.321947
76   1.438265     0.458876     4.228519  1.321947
77   1.546128    -0.009769     1.234022 -0.943633
78   2.707972     0.162744     7.624713  2.747057
79   1.094287     0.373106     9.237683  2.747057
80   1.886664    -0.040914     9.237683 -1.190166
81   2.245347     0.216284     9.237683  2.747057
82   2.400786     0.199892     9.237683  2.747057
83   1.438814     0.318242     9.237683  2.747057
84        NaN          NaN     0.100000  3.000000
85        NaN          NaN     0.100000  3.000000
86        NaN          NaN     0.100000  3.000000
87   2.973921     0.069137     1.939776  0.811927
88   0.677373     0.570711     5.198068  1.333906
89   1.969220     0.364796     3.926856  1.333906
90   2.409579    -0.012977     3.926856 -2.967540
91   0.684030     0.567491     5.198068  1.333906
92   0.678297     0.564780     5.198068  1.333906
93   0.676368     0.569979     5.198068  1.333906
94   2.325574     0.202314    10.000000  3.000000
95   2.920573     0.139965    10.000000  3.000000
96   2.746899     0.157058    10.000000  3.000000
97   0.696310     0.563495     5.224869  1.343205
98   0.692556     0.563551     5.224869  1.343205
99   0.703988     0.562404     5.224869  1.343205
100  0.689995     0.562636     5.206441  1.336812
101  0.674113     0.571354     5.206441  1.336812
102  0.672406     0.569509     5.206441  1.336812
103  0.672702     0.565752     5.199133  1.334276
104  0.668833     0.569227     5.199133  1.334276
105  0.682582     0.567374     5.199133  1.334276
106  0.683361     0.566133     5.198413  1.334026
107  0.682445     0.568200     5.198413  1.334026
108  0.689569     0.564675     5.198413  1.334026
109  0.685903     0.564807     5.198191  1.333949
110  0.675637     0.570855     5.198191  1.333949
111  0.655930     0.574289     5.198191  1.333949
112  0.663392     0.575906     5.198084  1.333912
113  0.682459     0.567047     5.198084  1.333912
114  0.685921     0.567446     5.198084  1.333912
115  0.677953     0.568039     5.198071  1.333908
116  0.663871     0.570407     5.198071  1.333908
117  0.667123     0.569222     5.198071  1.333908
118  0.675498     0.570489     5.198078  1.333910
119  0.691373     0.560803     5.198078  1.333910
120  0.681553     0.571822     5.198078  1.333910
121  0.683056     0.567131     5.198083  1.333912
122  0.675632     0.568435     5.198083  1.333912
123  0.667632     0.571821     5.198083  1.333912
124  0.688792     0.566541     5.198084  1.333912
125  0.686086     0.565121     5.198084  1.333912
126  0.674013     0.569324     5.198084  1.333912
127  1.777703    -0.040895     1.321295 -1.846959
128  1.769442    -0.050555     9.552188 -0.859830
129  1.700402    -0.036829     7.858459 -0.859830
130  1.643288    -0.036841     7.858459 -0.583702
131  0.426370     0.555254     9.984220  1.485221
132  2.150347     0.006036     8.858596 -2.266472
133  0.434321     0.576584     8.080504  1.485221
134  0.406557     0.569450     8.080504  1.348068
135  0.411907     0.566947     8.080504  1.348068
136  0.407358     0.569175     8.080504  1.348068
137  0.410922     0.566846     8.080504  1.348068
138  2.807818     0.154171    10.000000  3.000000
139  2.848558     0.147180    10.000000  3.000000
140  2.833537     0.147645    10.000000  3.000000
141  0.411095     0.574785     8.154819  1.412024
142  0.422280     0.567257     8.154819  1.412024
143  0.425726     0.566125     8.154819  1.412024
144  0.410146     0.572888     8.122358  1.384088
145  0.407955     0.572915     8.122358  1.384088
146  0.403252     0.576536     8.122358  1.384088
147  0.405876     0.569942     8.087851  1.354391
148  0.406269     0.571755     8.087851  1.354391
149  0.407368     0.570529     8.087851  1.354391
150  0.408164     0.568705     8.083352  1.350519
151  0.401912     0.573096     8.083352  1.350519
152  0.407434     0.569186     8.083352  1.350519
153  0.402243     0.571578     8.081046  1.348534
154  0.402181     0.573312     8.081046  1.348534
155  0.404931     0.571358     8.081046  1.348534
156  0.410395     0.567244     8.080725  1.348258
157  0.416356     0.563763     8.080725  1.348258
158  0.404268     0.570986     8.080725  1.348258
159  0.409360     0.568571     8.080582  1.348135
160  0.402480     0.572941     8.080582  1.348135
161  0.408872     0.568430     8.080582  1.348135
162  0.407264     0.569039     8.080518  1.348081
163  0.407184     0.569274     8.080518  1.348081
164  0.396113     0.576125     8.080518  1.348081
165  0.410997     0.566970     8.080506  1.348070
166  0.408185     0.568696     8.080506  1.348070
167  0.411088     0.567036     8.080506  1.348070
168  0.403344     0.571574     8.080505  1.348069
169  0.409423     0.566833     8.080505  1.348069
170  0.405908     0.569972     8.080505  1.348069
171  0.408364     0.568636     8.080504  1.348068
172  0.414356     0.564802     8.080504  1.348068
173  0.401230     0.572645     8.080504  1.348068
174  0.397866     0.575624     8.080504  1.348068
175  0.406012     0.569429     8.080504  1.348068
176  0.407976     0.568934     8.080504  1.348068
177  0.413663     0.564198     8.080504  1.348068
178  0.411597     0.565959     8.080504  1.348068
179  0.411030     0.566603     8.080504  1.348068
180  0.407680     0.568476     8.080504  1.348068
181  0.410429     0.567627     8.080504  1.348068
182  0.408898     0.568557     8.080504  1.348068
183  0.408539     0.569084     8.080504  1.348068
184  0.405815     0.570042     8.080504  1.348068
185  0.410644     0.566443     8.080504  1.348068
186  0.403996     0.571886     8.080504  1.348068
187  0.400878     0.573571     8.080504  1.348068
188  0.408344     0.568473     8.080504  1.348068
189  0.409448     0.566518     8.080504  1.348068
190  0.407673     0.568779     8.080504  1.348068
191  0.405659     0.570601     8.080504  1.348068
192  0.414937     0.564909     8.080504  1.348068
193  0.408633     0.568418     8.080504  1.348068
194  0.409384     0.567718     8.080504  1.348068
195  0.409500     0.568084     8.080504  1.348068
196  0.412564     0.565466     8.080504  1.348068
197  0.405334     0.571173     8.080504  1.348068
198  0.412905     0.566374     8.080504  1.348068
199  0.412027     0.565653     8.080504  1.348068
200  0.407771     0.569307     8.080504  1.348068
201  0.405196     0.570797     8.080504  1.348068
202  0.409432     0.567558     8.080504  1.348068
203  0.402392     0.572667     8.080504  1.348068
204  0.402934     0.572079     8.080504  1.348068
205  0.406213     0.569929     8.080504  1.348068
206  0.402564     0.572978     8.080504  1.348068
207       NaN          NaN     0.100000  3.000000
208       NaN          NaN     0.100000  3.000000
209       NaN          NaN     0.100000  3.000000
210  1.924589     0.004746     3.616465 -2.100806
211  1.380328     0.061470     0.784526  0.515092
212  1.808129     0.016218     0.555413  0.515092
213       NaN          NaN     0.555413  1.325519
214  1.664000    -0.043313     9.232791 -0.484936
215  1.397302     0.219024     5.305466  2.858093
216  0.675795     0.423363     8.378124  2.858093
217  2.294284     0.244167     8.378124  2.322702
218  2.817737     0.087041     1.805852  1.740036
219  1.527450    -0.005918     5.042033 -0.345262
220  1.396407     0.042416     2.416394 -0.345262
221  1.282716     0.265097     2.416394  0.709498
222  1.285109     0.105211     1.504021  1.098555
223  1.181462     0.435702     8.584337  1.977001
224  3.205647     0.122207     4.409045  1.977001
225  1.894338    -0.009352     4.409045 -1.681204
226  3.485546     0.040178     1.620404  2.236322
227  3.297213     0.089097     7.452074  2.967992
228  2.197594     0.214384     9.527982  2.967992
229  1.170483     0.138464     9.527982  0.158166
230  1.560741     0.138435     2.292570  1.476135
231  1.791895    -0.049823     7.921024 -0.995412
232  1.663281    -0.046821     1.920911 -0.995412
233  2.222962     0.103662     1.920911  1.493724
234  1.659508    -0.039409     8.991721 -0.524602
235  1.923535    -0.032238     1.064018 -2.250933
236  2.287453    -0.032885     8.361643 -2.250933
237  2.401166    -0.013854     8.361643 -2.702861
238  1.132846     0.213906     1.972668  0.440570
239  2.249846    -0.034092     8.990916 -1.976792
240  2.109345    -0.028988     5.162796 -1.976792
241  1.527581    -0.008092     5.162796 -0.257632
242  1.494314     0.005017     4.997363 -0.262463
243  2.790320     0.155747     7.642818  2.671609
244  3.455992     0.041324     2.443325  2.671609
245  1.264117     0.172982     2.443325  1.459478
246  2.141963    -0.017883     3.917728 -2.511791
247  1.589111    -0.029798     1.861000 -0.669039
248  1.632853    -0.044031     2.464147 -0.669039
249  1.810397    -0.037853     2.464147 -1.670224
250  2.203858    -0.028574     6.228375 -2.165199
251  1.643178    -0.038998     7.130748 -0.579666
252  1.671058    -0.047964     8.112783 -0.579666
253  1.784937    -0.040750     8.112783 -0.998371
254  1.772663    -0.049280     4.226817 -1.184773
255  0.425597     0.545588     8.927007  0.815417
256  0.362599     0.591083     4.332467  0.815417
257  2.756295     0.174437     4.332467  1.860900
258  0.363055     0.590807     4.332467  0.815417
259  0.358388     0.594796     4.332467  0.815417
260  0.369275     0.586096     4.332467  0.815417
261  2.442618     0.007972    10.000000 -3.000000
262  2.491245     0.019199    10.000000 -3.000000
263  2.495485     0.012449    10.000000 -3.000000
264  0.412087     0.555856     4.595325  0.638459
265  0.410348     0.556987     4.595325  0.638459
266  0.413021     0.554943     4.595325  0.638459
267  0.371889     0.583665     4.409226  0.763742
268  0.368788     0.585610     4.409226  0.763742
269  0.375057     0.580858     4.409226  0.763742
270  0.365658     0.588274     4.351733  0.802447
271  0.366387     0.587588     4.351733  0.802447
272  0.355918     0.595797     4.351733  0.802447
273  0.368586     0.586289     4.341635  0.809245
274  0.369138     0.586244     4.341635  0.809245
275  0.370023     0.585265     4.341635  0.809245
276  0.356159     0.596341     4.335452  0.813407
277  0.358734     0.593692     4.335452  0.813407
278  0.374536     0.582175     4.335452  0.813407
279  0.374904     0.582023     4.333071  0.815010
280  0.362242     0.591573     4.333071  0.815010
281  0.360981     0.592166     4.333071  0.815010
282  0.365891     0.588562     4.332635  0.815304
283  0.371840     0.584225     4.332635  0.815304
284  0.358887     0.593868     4.332635  0.815304
285  0.360308     0.592876     4.332553  0.815359
286  0.366347     0.588521     4.332553  0.815359
287  0.370540     0.585250     4.332553  0.815359
288  0.365729     0.588999     4.332494  0.815399
289  0.360216     0.592968     4.332494  0.815399
290  0.371947     0.583998     4.332494  0.815399
291  0.360247     0.593037     4.332472  0.815413
292  0.364414     0.589652     4.332472  0.815413
293  0.369158     0.585711     4.332472  0.815413
294  0.358234     0.594911     4.332468  0.815416
295  0.362609     0.590770     4.332468  0.815416
296  0.362316     0.591508     4.332468  0.815416
297  0.353384     0.598379     4.332468  0.815415
298  0.369530     0.586007     4.332468  0.815415
299  0.359508     0.593203     4.332468  0.815415
300  0.350173     0.600789     4.332466  0.815411
301  0.366573     0.588385     4.332466  0.815411
302  0.369002     0.586363     4.332466  0.815411
303  0.354944     0.597115     4.332457  0.815396
304  0.370103     0.585023     4.332457  0.815396
305  0.369816     0.585742     4.332457  0.815396
306  0.365550     0.588895     4.332464  0.815408
307  0.361590     0.591530     4.332464  0.815408
308  0.359591     0.593337     4.332464  0.815408
309  0.361857     0.591877     4.332465  0.815410
310  0.364704     0.589577     4.332465  0.815410
311  0.359389     0.593861     4.332465  0.815410
312  0.367866     0.587118     4.332465  0.815411
313  0.358705     0.593981     4.332466  0.815411
314  0.367644     0.587070     4.332465  0.815411
315  0.365993     0.588686     4.332466  0.815411
316  0.365329     0.588925     4.332466  0.815411
317  0.358368     0.594529     4.332466  0.815411
318  1.661664    -0.048471     6.013439 -0.553383
319  1.280642     0.480856     4.450997  1.338729
320  0.377290     0.583705     3.915899  0.815417
321  1.708005     0.183866     3.915899  2.339396
322  3.020283     0.158939     3.912442  1.673516
323  0.600897     0.560641     7.303626  1.594462
324  0.498612     0.560962     8.288418  1.594462
325  2.107255     0.273115     8.288418  2.227622
326  1.886966     0.007795     8.977444 -1.455469
327  1.675797    -0.051096     8.590161 -0.437994
328  2.555997     0.100214     1.899378  1.594462
329  2.377945     0.222002     8.288418  2.389865
330  1.312671     0.082496     0.959788 -0.569167
331  0.373124     0.599591     5.752511  1.148787
332  1.511724     0.072608     1.597461  1.148787
333  1.161221     0.262053     5.752511  2.642909
334  1.201060     0.447844     7.478790  1.843570
335  2.280736     0.110666     2.287844  1.729894
336  0.416356     0.547889     9.371814  1.148787
337  0.399798     0.559860     9.371814  1.062228
338  2.816053     0.121287     1.829501  2.007727
339  1.824730     0.186408     5.090767  2.963364
340       NaN          NaN     0.602550  1.062228
341  2.360304     0.200404     9.371814  2.958917
342  2.999894     0.174881     3.738479  1.607739
343  0.658370     0.399317     6.262914  0.382717
344  2.228285     0.110611     1.119767  1.062228
345  0.438185     0.557117     9.371814  1.518212
346  1.810542    -0.060197     2.659459 -1.396628
347  1.453133     0.045391     0.332078 -0.205858
348       NaN          NaN     0.496288  1.518212
349  1.530284    -0.005347     9.371814 -0.216163
350  0.910260     0.556162     4.300282  1.241541
351  0.505672     0.494081     7.046007  0.579267
352  2.569139     0.040960     1.549741  0.579267
353  0.402368     0.581309     7.046007  1.308305
354  1.390775     0.046518     9.510883 -0.039841
355  2.929169     0.109131     2.615206  2.983947
356  0.409067     0.557203     9.506554  1.308305
357  2.527964     0.185308     9.506554  2.799954
358  2.386812     0.018535     6.355281 -2.998061
359  1.925575    -0.043335     8.421166 -1.208767
360  1.378084     0.129304     2.045391  1.308305
361  1.701814    -0.047990     9.506554 -0.671195
362  2.976500     0.088009     1.256557  1.255479
363  1.366644     0.054966     7.974212  0.023103
364  0.394005     0.581912     7.407422  1.308305
365  1.951067    -0.035760     7.407422 -1.546854
366  2.193016    -0.034671     6.495751 -2.009758
367  1.635738     0.346803     9.228541  2.185929
368  0.405352     0.580015     6.967629  1.308305
369  2.295252    -0.016822     6.967629 -2.607556
370  2.881936     0.179937     4.144602  1.719255
371  1.867301    -0.005758     9.455219 -1.330291
372       NaN          NaN     0.737477  1.308305
373  1.062078     0.285671     6.967629  2.860466
374  2.239651    -0.001258     4.888330 -2.454102
375  1.385024     0.047247     3.694946 -0.241220
376  0.412690     0.557178     8.699323  1.308305
377  1.647858    -0.048036     8.699323 -0.338905
378  1.359878     0.323615     2.602192  0.818416
379  0.966001     0.319003     6.725056  2.918276
380       NaN          NaN     0.884158  1.308305
381  1.703692    -0.038317     8.699323 -0.810053
382  2.753980     0.084200     1.742618  1.562326
383  1.675898    -0.037339     8.072028 -0.673523
384  0.415531     0.552304     9.595054  1.308305
385  1.488174     0.008567     9.595054 -0.119535
386  1.668138     0.037293     0.614146 -0.326312
387  1.415238     0.037277     9.959556 -0.085723
388       NaN          NaN     0.362901  1.308305
389  1.606396    -0.028379     9.595054 -0.424903
390       NaN          NaN     0.751267  1.218616
391  2.133967     0.005265     5.503414 -2.141081
392  0.404517     0.564207     8.547473  1.308305
393  0.503922     0.494808     8.547473  0.632850
394  0.558660     0.569292     6.473249  1.457161
395  3.150770     0.176535     2.186920  1.165017
396  0.482180     0.571218     7.049655  1.457161
397  2.139502    -0.016263     7.049655 -2.087301
398  0.468199     0.564304     8.182489  1.532642
399  1.405591     0.040232     8.984787 -0.053017
400  0.981830     0.507082     5.882464  1.532642
401  0.502756     0.495492     8.182489  0.616795
402  1.765490    -0.042225     3.302802 -1.228483
403  0.437545     0.578187     7.204849  1.408102
404  0.878512     0.283841     2.680730  1.408102
405  2.109770     0.282776     7.204849  2.051181
406  0.992319     0.321105     5.743780  2.815368
407  1.779758     0.433634     3.454684  1.201998
408       NaN          NaN     0.878743  1.408102
409  1.797210    -0.034423     7.204849 -1.171942
410  3.067046     0.130451     7.476623  2.665958
411  1.511661    -0.000987     7.533254 -0.162027
412  0.845707     0.302007     2.697131  1.408102
413  1.454227     0.020554     7.204849 -0.092847
414  2.166718     0.282164     6.521722  1.945758
415  2.763396     0.168498     7.193005  2.467216
416  1.098139     0.222246     2.326087  1.408102
417  0.675371     0.409770     7.204849  2.655403
418  1.953922     0.003889     6.464623 -1.827080
419  1.013567     0.499117     6.304801  1.614336
420  2.027806     0.346410     4.198926  1.408102
421  2.433587    -0.016392     7.204849 -2.879192
422  1.731192    -0.067629     2.434995 -0.959134
423  2.165311    -0.040657     8.201249 -1.983551
424  0.422961     0.561511     8.472346  1.408102
425  1.665250    -0.050081     8.472346 -0.446336
426  0.418776     0.552195     6.446208  0.692280
427  0.358375     0.596767     4.583371  0.898923
428  0.364457     0.603751     4.057796  0.898923
429  1.684183    -0.051828     4.057796 -0.766740
430  0.344285     0.607554     4.583371  0.898923
431  0.355330     0.598632     4.583371  0.898923
432  0.359581     0.595572     4.583371  0.898923
433  1.857466    -0.016421     0.100000 -3.000000
434  1.843018    -0.002061     0.100000 -3.000000
435  1.879010    -0.023910     0.100000 -3.000000
436  1.417170     0.034436     3.214351 -0.291633
437  1.487130     0.006168     3.214351 -0.291633
438  1.444644     0.023209     3.214351 -0.291633
439  0.371351     0.583850     4.450390  0.783278
440  0.361177     0.591600     4.450390  0.783278
441  0.375159     0.580916     4.450390  0.783278
442  0.355370     0.596844     4.532445  0.854636
443  0.351618     0.599780     4.532445  0.854636
444  0.354912     0.597482     4.532445  0.854636
445  0.357447     0.596394     4.564894  0.882855
446  0.350691     0.601362     4.564894  0.882855
447  0.354982     0.597964     4.564894  0.882855
448  0.347631     0.604228     4.576012  0.892524
449  0.349922     0.603052     4.576012  0.892524
450  0.349920     0.602992     4.576012  0.892524
451  0.351128     0.601970     4.581124  0.896969
452  0.348279     0.604716     4.581124  0.896969
453  0.348151     0.604100     4.581124  0.896969
454  0.363741     0.592174     4.582534  0.898196
455  0.347267     0.605254     4.582534  0.898196
456  0.348115     0.604803     4.582534  0.898196
457  0.348997     0.603722     4.582942  0.898550
458  0.355983     0.598080     4.582942  0.898550
459  0.352843     0.601036     4.582942  0.898550
460  0.350140     0.603058     4.583255  0.898822
461  0.353371     0.600106     4.583255  0.898822
462  0.358664     0.596717     4.583255  0.898822
463  0.345056     0.607003     4.583340  0.898896
464  0.359498     0.595537     4.583340  0.898896
465  0.357624     0.597163     4.583340  0.898896
466  0.352509     0.600740     4.583364  0.898918
467  0.350975     0.602864     4.583364  0.898918
468  0.353275     0.600090     4.583364  0.898918
469  0.349637     0.603828     4.583369  0.898921
470  0.351183     0.602014     4.583369  0.898921
471  0.358153     0.596778     4.583369  0.898921
472  0.341520     0.609568     4.583370  0.898923
473  0.357545     0.597264     4.583370  0.898923
474  0.351282     0.601643     4.583370  0.898923
475  0.362654     0.593125     4.583370  0.898922
476  0.352198     0.601899     4.583370  0.898922
477  0.346252     0.606352     4.583370  0.898922
478  0.353719     0.600012     4.583370  0.898923
479  0.349998     0.603374     4.583370  0.898923
480  0.351512     0.601544     4.583370  0.898923
481  0.352959     0.600616     4.583370  0.898923
482  0.346877     0.605192     4.583370  0.898923
483  0.353420     0.599913     4.583370  0.898923
484  0.349490     0.603092     4.583370  0.898923
485  0.357723     0.597491     4.583370  0.898923
486  0.352993     0.600967     4.583370  0.898923
487  0.347451     0.604565     4.583370  0.898923
488  0.356299     0.598283     4.583370  0.898923
489  0.347435     0.605196     4.583370  0.898923
490  0.992822     0.220482     3.873466  0.078379
491  1.124095     0.158903     7.164354  0.163434
492  1.307325     0.075280     1.211335  0.898923
493  0.734823     0.355196     4.583370  0.263010
494  1.711642    -0.035671     6.175963 -0.968510
495  3.472190     0.064921     6.171690  2.997431
496  0.368340     0.585014     6.374066  0.898923
497  2.212936    -0.032876     6.374066 -1.982680
498  2.333536     0.247242     7.470681  2.180925
499  1.789917    -0.073776     1.912745 -1.279594