error: 0.67 | highest correlation: nan
best global temp: 6.51447455819431 | best alpha: 0.9660942579466791 | best average temperature: 1.69
time scale: <class 'ising.Jij_sorted_ising'> | partial correlation: False

        error  correlation  global temp     alpha
0    2.827609     0.164081     4.228518  1.321947
1    2.944142     0.106497     3.288842  2.762276
2    2.274014     0.002109     3.521288 -2.105277
3    2.249435    -0.010590     2.971673 -2.105277
4    2.858190    -0.014178     2.971673  0.879673
5    2.034522     0.004298     9.877176 -1.385908
6    2.333022    -0.014408     3.486486 -2.223276
7    2.664852    -0.019318     8.549263 -2.223276
8    1.854548    -0.016479     8.549263 -0.732695
9    1.372550     0.057049     8.622038  0.314615
10   1.998187    -0.026874     0.421119 -2.592264
11   2.656864    -0.026541     6.209426 -2.592264
12   1.555485    -0.005465     6.209426 -0.057219
13   2.565837     0.159257     9.785928  2.773674
14   1.732714    -0.016206     5.756635 -0.574320
15   1.639826    -0.025549     2.663596 -0.574320
16   2.124872    -0.021514     2.663596 -1.907092
17   2.356972    -0.025257     5.271616 -1.906842
18   2.644011    -0.011742     6.011369 -2.634636
19   2.681765    -0.015180     8.408586 -2.634636
20   1.687900     0.251417     8.408586  1.799530
21   1.443285     0.026069     1.654415  0.967562
22   1.030987     0.201827     8.747997  0.561145
23   1.668305    -0.024560     1.047039  0.561145
24   1.966351     0.037330     1.047039 -2.256836
25   2.686164     0.124437     3.612431  2.415649
26   2.690684     0.162178     6.685089  1.880258
27   2.194552     0.203693     7.793737  1.880258
28   1.576408    -0.002966     7.793737 -0.099758
29   0.738050     0.349139     6.136581  0.792933
30   1.942178    -0.018800     7.948587 -0.944734
31   1.621006    -0.012152     1.580185 -0.944734
32   2.146227    -0.007204     1.580185 -2.271568
33   2.095030    -0.013973     8.810752 -1.376934
34   2.323382    -0.024090     5.974112 -1.813573
35   2.371956    -0.029957     6.569439 -1.813573
36   2.137125    -0.028205     6.569439 -1.327716
37   0.873591     0.277498     7.664147  0.666992
38   0.930010     0.321174     9.669371  2.841075
39   2.883238     0.132708     8.930115  2.841075
40   1.282348     0.093424     8.930115  0.369529
41   0.880323     0.273919     7.869708  0.712986
42   2.082671    -0.012775     0.798898 -2.392534
43   2.453126    -0.027974     3.578673 -2.392534
44   2.724999     0.158526     3.578673  1.163288
45   1.069035     0.183812     1.910985  0.522204
46   0.787430     0.322815     5.183049  0.734313
47   0.995621     0.236941     3.978903  0.734313
48   2.233923    -0.008594     3.978903 -1.683050
49   1.978982    -0.023772     5.977149 -1.161663
50   2.403149    -0.017110     4.427927 -2.268528
51   2.645374    -0.014234     8.454883 -2.268528
52   1.967737    -0.011078     8.454883 -1.029933
53   1.381319     0.052720     4.778303  0.093487
54   2.972176     0.141676     6.252706  1.994077
55        NaN          NaN     0.470165  1.994077
56   0.937744     0.245402     6.252706  0.592524
57   3.472598     0.062191     1.557394  1.620441
58   1.692858     0.129849     3.742933  1.759038
59   2.667997     0.097018     2.878296  1.759038
60   1.660310     0.089973     3.742933  1.580377
61   1.665145     0.010727     2.556283 -1.162601
62   1.861543     0.000632     9.095931 -0.804700
63   2.014157    -0.017341     8.455265 -1.162601
64   1.959083     0.002945     8.455265 -1.114566
65   1.968638    -0.010315     1.274297 -1.953015
66   1.694475    -0.022916     7.397376 -0.429474
67   1.605648     0.008038     8.610997 -0.429474
68   2.487359    -0.019150     8.610997 -2.023252
69   2.700685    -0.008830     4.632580 -2.997125
70   2.406732    -0.025272     9.603420 -1.739908
71   2.388151    -0.017295     9.586546 -1.739908
72   1.081748     0.302675     9.586546  1.667792
73   2.773678     0.121605     1.886470  1.449946
74   2.323217     0.179518     9.781950  2.463195
75   1.105462     0.306778     9.237526  1.667792
76   2.172074     0.005475     9.237526 -1.622452
77   2.323056     0.006625     7.568471 -2.002791
78   2.234800     0.008563     1.890322 -2.589831
79   1.199132     0.201255     4.138310  1.667792
80   1.541447    -0.001841     4.138310 -0.246807
81   2.166358    -0.023831     1.047806 -2.558855
82   2.499782    -0.026795     6.345552 -2.107870
83   1.623185    -0.019762     5.588450 -0.246807
84   1.544097    -0.001425     5.588450 -0.115898
85   1.975103    -0.038296     2.991204 -1.310726
86   0.925521     0.301083     6.815534  2.250287
87   3.798948    -0.002896     1.741952  2.250287
88   1.677951    -0.032587     6.815534 -0.316542
89   2.290963    -0.033184     9.711866 -1.253936
90   0.910055     0.265954     4.393333  0.733999
91   0.943327     0.258337     4.039151  0.733999
92   1.129114     0.155884     4.039151  0.283508
93   2.432522    -0.033205     7.145043 -2.031869
94        NaN          NaN     0.100601  1.138706
95   1.357776     0.062223     7.048088  0.283508
96   1.303525     0.083686     7.048088  0.343944
97   0.764039     0.353531     5.248967  0.948839
98   1.743256    -0.016751     1.399128 -1.271664
99   0.762303     0.335859     9.372929  0.948839
100  1.585205    -0.003547     9.372929 -0.077015
101  0.712181     0.378818     6.182427  1.053394
102  2.517137    -0.003036     5.442930 -2.911112
103       NaN          NaN     0.525590  1.053394
104  0.708731     0.374081     6.182427  0.991056
105  1.643361    -0.012372     4.963686 -0.461203
106       NaN          NaN     0.498401  2.492806
107  0.715993     0.377270     5.716906  0.991056
108  2.331516     0.016283     5.716906 -1.875523
109  1.068952     0.182749     4.025466  0.340261
110  2.499247    -0.023130     2.927746 -2.445433
111  1.986436     0.195302     3.314936  0.991056
112  1.311740     0.205649     5.716906  2.102776
113  1.772225    -0.018753     1.962934  0.209226
114  1.740009     0.023006     0.911381 -1.823889
115  0.742144     0.355913     6.049167  0.991056
116  1.186551     0.309653     6.049167  1.298575
117  2.335102     0.002977     2.172559 -2.963682
118  3.873426    -0.001194     1.383871  2.467709
119  0.701988     0.371282     7.615471  0.991056
120  2.089756    -0.040180     7.615471 -1.267660
121  2.155856    -0.024551     7.593627 -1.550547
122  2.612297    -0.023076     9.373529 -1.894394
123  0.705293     0.374544     6.344483  0.991056
124  3.202709     0.111507     6.344483  2.669156
125  1.963947    -0.009439     3.352606 -1.667559
126  2.662853     0.148100     9.988831  2.755470
127  0.737506     0.349700     9.684751  0.991056
128  1.554623     0.267323     9.684751  1.915161
129  2.429351     0.017334     9.002174 -2.092854
130  2.744617     0.153946     9.800014  2.773884
131  1.038879     0.307395     4.613361  0.991056
132  1.592155    -0.007979     9.684751 -0.051586
133  1.797454    -0.033599     7.052605 -0.652150
134  2.130758    -0.011048     6.932920 -1.408152
135       NaN          NaN     0.211683  0.991056
136  0.928916     0.250459     9.684751  0.671476
137  1.455637     0.037671     5.498324 -0.232085
138  1.690188    -0.005524     7.941366 -0.441066
139  0.728846     0.371073     5.688648  0.991056
140  2.999055     0.135286     5.688648  1.853832
141  2.062748    -0.003812     8.271389 -1.439932
142  0.756568     0.371475     5.982112  1.082229
143  1.249672     0.306039     4.602191  1.082229
144  1.919671    -0.029917     5.982112 -1.036584
145  3.541296     0.052987     1.884162  2.644778
146  2.426653     0.074349     2.187378  1.322916
147  2.184698     0.219882     3.866457  1.082229
148  2.567376     0.173306     5.982112  1.725309
149       NaN          NaN     0.404658  2.489495
150  1.786765     0.004984     3.543223 -1.006020
151  0.706971     0.370254     8.226267  1.082229
152  0.794282     0.342989     8.226267  1.281421
153  1.282308     0.093520     8.608031  0.333093
154       NaN          NaN     1.017529  2.059009
155  0.772815     0.360985     8.048211  1.281421
156  2.975974     0.133315     8.048211  2.588723
157  1.976082     0.021431     8.803200 -1.104031
158  2.894666     0.144516     7.615818  2.259687
159  2.062808     0.218589     4.940483  1.281421
160  0.874812     0.323600     8.048211  2.402659
161  1.451390     0.031466     0.909879 -0.479051
162  2.062441     0.000821     0.745959 -2.366185
163  1.059861     0.283895     7.376766  2.402659
164  1.895423    -0.011076     8.048211 -0.879077
165  2.639363     0.099591     3.869257  2.190080
166  1.360883     0.064052     7.758851  0.225067
167  2.622369     0.167586     9.527920  2.402659
168  1.524997     0.200784     8.048211  2.985461
169  1.403943     0.065770     2.004105  1.085940
170  3.468758     0.053833     1.965373  2.509270
171  3.470487     0.057745     2.169577  2.402659
172  1.210689     0.261847     8.048211  2.661237
173  2.234206     0.030886     3.731362 -2.198816
174  2.007000     0.021992     2.483703 -2.002880
175  2.250927     0.188383     9.749477  2.402659
176  0.753593     0.357886     8.048211  1.225809
177  2.472072    -0.017983     9.388887 -1.967808
178  1.274977     0.093676     3.785607  0.168224
179  0.792858     0.359906     6.965510  1.225809
180  3.088571     0.123534     6.965510  2.381099
181  2.188504     0.010255     2.536171 -2.453776
182  2.802969     0.159945     5.298742  1.597434
183  2.409984     0.179739     4.294377  1.225809
184  0.765946     0.334433     6.965510  0.874028
185  2.240178    -0.015612     3.372351 -2.034441
186  1.964682    -0.014855     7.813549 -1.121855
187  0.841796     0.320968     4.580066  0.874028
188  2.017051    -0.013123     6.965510 -1.149311
189  2.225668     0.187355     7.296899  2.019037
190  2.607306     0.150845     5.426547  1.704550
191       NaN          NaN     0.148227  0.874028
192  1.954209    -0.004524     6.965510 -1.063334
193  2.005528    -0.014840     5.527658 -1.181186
194  2.993643     0.144470     5.772365  1.858674
195  2.028744    -0.053478     1.224411  0.874028
196  1.904737    -0.008689     6.965510 -0.986298
197  1.469879     0.021803     0.570997 -0.679386
198  1.040360     0.231934     4.400808  1.633089
199  1.006881     0.212317     2.462206  0.874028
200  2.267821     0.013872     6.965510 -2.197464
201  2.258146     0.007062     5.752158 -1.775559
202  1.914431    -0.002194     2.142648 -1.612410
203  2.833388    -0.019702     2.999242  0.874028
204  1.835928    -0.018486     6.965510 -0.824571
205  1.022416     0.329369     9.787628  1.702384
206  2.141317     0.030240     4.467484 -1.921356
207  0.890740     0.269178     2.672647  0.874028
208  1.568009     0.263990     6.965510  1.547279
209  1.801554     0.007305     5.245674 -1.055968
210  2.310067    -0.023602     2.951212 -2.068398
211       NaN          NaN     0.571728  0.874028
212  2.380261     0.184372     6.965510  1.782894
213  2.347753     0.021769     2.428581 -2.751915
214  2.469325     0.009193     1.855116 -2.892373
215  3.256370    -0.062005     0.940981  0.874028
216  2.738624     0.012352     6.965510 -2.932717
217  1.573431    -0.003171     1.311958 -0.628449
218  1.059354     0.284982     8.272030  2.655193
219  0.790027     0.337424     4.797866  0.874028
220  0.871924     0.351340     4.797866  0.990221
221  2.500648    -0.028313     1.672536 -2.954981
222  1.705701    -0.002486     0.133548 -1.626556
223  2.354160     0.021632     3.132096  0.874028
224  0.967934     0.230147     4.797866  0.525244
225  0.691002     0.383646     5.883370  0.966094
226  1.564996    -0.000819     2.052862 -0.651037
227       NaN          NaN     0.321443  0.966094
228  1.099656     0.169850     5.883370  0.404156
229  3.965746    -0.024135     0.998555  1.098128
230  2.516342     0.009530     5.352780 -2.537153
231  2.045910     0.133214     3.421169  0.966094
232  2.522438    -0.002858     5.883370 -2.491024
233  1.176805     0.137128     9.130862  0.482755
234  0.746805     0.344326     9.745951  0.952126
235  3.673986    -0.022493     0.961996  0.966094
236  1.865730     0.176795     5.883370  2.799943
237  2.551384     0.087175     3.281822  1.822589
238  2.247790     0.008620     7.143613 -1.689858
239  1.561196    -0.013230     1.586230  0.966094
240  2.586219     0.006966     5.883370 -2.815425
241  1.000379     0.271623     5.380582  1.784724
242  1.488720     0.015527     3.163779 -0.287105
243  0.689316     0.376603     8.381041  0.966094
244  2.451298    -0.000081     8.381041 -2.052585
245  2.670153     0.095941     2.590790  1.674786
246  2.322443     0.004271     1.574373 -2.762351
247       NaN          NaN     0.715277  0.966094
248  2.642714     0.009230     8.381041 -2.389279
249  0.844387     0.340354     6.981694  2.110703
250  2.551691     0.006914     7.845498 -2.288274
251  0.704147     0.369534     7.115823  0.966094
252  1.677890    -0.024030     7.115823 -0.356736
253  2.441107     0.116161     4.899298  2.537329
254  2.696084     0.121208     4.338599  2.654261
255  0.936097     0.246971     2.769198  0.966094
256  0.748908     0.343360     7.115823  0.881410
257  1.688612    -0.036813     1.190934 -1.013508
258  1.206741     0.122112     3.182505  0.342243
259       NaN          NaN     0.667045  0.966094
260  1.105770     0.312831     7.115823  1.413614
261  2.062111    -0.010199     7.397532 -1.248559
262  1.995112    -0.024713     9.516517 -0.973631
263  0.727689     0.359956     6.426865  0.966094
264  2.494604    -0.007931     6.426865 -2.485466
265  1.538990     0.010077     1.938284 -0.014753
266  2.042071    -0.017329     1.056640 -1.980089
267  0.705705     0.371488     6.461625  0.966094
268  1.488039     0.019287     6.461625 -0.051654
269  3.362249     0.070293     1.730038  1.729082
270       NaN          NaN     0.796096  2.860357
271  1.397617     0.037018     1.851143  0.966094
272  1.601475    -0.004816     6.461625 -0.287924
273  2.644053    -0.020908     7.570103 -2.333762
274  2.522326     0.167795     5.873899  1.579562
275  0.728875     0.355596     7.506653  0.966094
276  1.472074     0.274120     6.461625  1.428260
277  2.810166    -0.012981     9.906710 -2.658245
278  1.776640     0.236459     9.034066  1.888941
279  0.773118     0.331452     8.773619  0.966094
280  2.073574    -0.015990     6.461625 -1.386920
281  2.595798     0.166509     6.874170  1.832865
282  2.303771     0.190164     8.476107  2.020529
283  2.703705    -0.030030     1.278333  0.966094
284  0.965681     0.232200     6.461625  0.507785
285  1.689351    -0.021782     6.568901 -0.443796
286  2.406862     0.000200     7.455207 -2.348883
287  1.796211     0.199431     3.480290  0.966094
288  2.621106    -0.023877     6.461625 -2.578479
289  1.587404    -0.009743     8.441797 -0.094372
290  2.123129     0.200431     7.400819  1.753231
291  0.710535     0.372866     5.891608  0.966094
292  2.797347    -0.029757     5.891608 -2.864016
293       NaN          NaN     0.506284  1.551504
294  1.876382    -0.010264     6.645216 -0.973525
295  0.711627     0.371952     6.087868  0.966094
296  2.144414    -0.031031     6.087868 -1.522857
297  1.490245     0.016744     0.582798 -0.583641
298  1.576225    -0.008510     6.524926 -0.131240
299  0.869143     0.279736     3.022949  0.966094
300  0.978978     0.288104     6.087868  2.118172
301  1.708848    -0.022418     0.718141 -1.092001
302  1.773630    -0.017429     2.591842 -1.103357
303  0.736039     0.354014     6.730401  0.966094
304  1.982427     0.026934     6.087868 -1.286592
305  2.733680     0.003791     6.380026 -2.954909
306  3.601319     0.026646     1.979624  2.845029
307  0.723508     0.362194     6.310841  0.966094
308  2.022716    -0.001522     6.310841 -1.372294
309  1.121781     0.159870     5.838658  0.373307
310  2.175046    -0.003039     2.168925 -2.050807
311       NaN          NaN     0.405447  0.966094
312  2.726452     0.014886     6.310841 -2.784726
313  2.376898     0.018424     5.953800 -1.887248
314  2.384433     0.190457     8.191268  2.011654
315  0.698510     0.372551     7.138305  0.966094
316  2.429134    -0.009980     7.138305 -2.069054
317  2.033890    -0.019902     3.395794 -1.518958
318  1.559046    -0.012704     2.828859 -0.266087
319  0.704100     0.368267     8.316920  0.966094
320  2.476761     0.171218     8.316920  2.143050
321  1.845525    -0.000031     9.546686 -0.910282
322  1.458094     0.025247     2.063620 -0.193890
323  0.908240     0.261242     2.765331  0.966094
324  1.082294     0.286115     8.316920  2.714088
325  1.735167    -0.034935     9.307556 -0.354606
326  0.755711     0.358814     7.621251  1.195852
327  0.853112     0.288329     2.983271  0.966094
328  2.687172     0.158460     8.316920  2.323394
329  1.239685     0.220052     3.881615  0.870894
330  2.299329    -0.027676     4.656878 -1.866232
331  0.771205     0.331581     8.133819  0.966094
332  1.143299     0.273223     8.316920  2.703287
333  0.932684     0.247361     4.257251  0.506492
334  2.740266     0.116709     4.801305  2.908314
335  1.163974     0.138864     2.098422  0.966094
336  0.758091     0.356388     8.316920  1.243581
337  2.660008     0.107243     3.403830  2.268673
338  1.795042    -0.029950     9.573469 -0.513889
339  0.868225     0.339624     4.735342  0.966094
340  1.091107     0.308542     8.316920  1.558915
341  1.780451    -0.028126     6.186137 -0.751541
342  1.910315    -0.021304     2.309966 -1.432153
343  1.442817     0.020335     1.723599  0.966094
344  1.709264    -0.025473     8.316920 -0.435196
345  0.884170     0.271842     6.222074  0.620361
346  2.381933    -0.015492     4.226295 -2.149455
347  1.781208    -0.054936     1.538626  0.966094
348  0.721333     0.367354     8.316920  1.160060
349  1.575452     0.000499     0.906973  0.231460
350  1.389670     0.044256     1.330481  0.529011
351  0.792606     0.320365     9.667781  0.966094
352  1.770668    -0.030895     8.316920 -0.533991
353  2.673898    -0.011103     6.528108 -2.735931
354  2.200206    -0.015184     1.163447 -2.706898
355  0.813147     0.349924     4.949601  0.966094
356  2.586507     0.163692     8.316920  2.197795
357  1.792390     0.024724     8.294239 -0.865486
358  1.067284     0.310083     7.038519  1.379147
359  1.665983     0.229428     3.799343  0.966094
360  1.260571     0.234714     8.316920  2.774417
361  1.845382     0.003829     5.317978 -1.135416
362  2.127546    -0.010329     4.069973 -1.692496
363  0.727239     0.355633     8.702234  0.966094
364  1.195335     0.129317     8.316920  0.443805
365  2.336421    -0.014827     2.108375 -2.438269
366  2.320428     0.174871     5.109902  1.576525
367  0.962332     0.325872     4.497671  0.966094
368  0.994712     0.218626     8.316920  0.570596
369  1.872716    -0.032481     1.701147 -1.273767
370  1.475602     0.021204     2.125129 -0.011537
371  2.582401     0.080982     3.168465  0.966094
372  1.023203     0.205402     8.316920  0.581353
373  0.737657     0.349984     9.827344  1.029903
374  1.916433    -0.005442     4.745671 -1.198202
375  0.672231     0.390210     6.514475  0.966094
376  1.339225     0.070654     6.514475  0.215994
377  1.748912    -0.018289     0.805165 -0.777934
378  1.469723     0.019907     0.611760 -0.900815
379  1.584227     0.081223     1.423459  0.966094
380  1.998474     0.017403     6.514475 -1.379641
381  2.007158     0.029681     0.881749 -2.628845
382  1.704606    -0.021976     2.677836 -0.951353
383  0.706254     0.374435     5.996110  0.966094
384  1.678079    -0.030719     6.514475 -0.323565
385  1.901369    -0.021044     2.012046 -1.442629
386  3.810188    -0.004914     1.820432  2.722719
387  3.710403    -0.004682     0.978397  0.966094
388  1.812133     0.181485     6.514475  2.835494
389  2.114859     0.042059     3.771746 -1.976836
390  0.844848     0.342881     9.580642  2.670669
391  0.701566     0.370780     7.336872  0.966094
392  2.373604    -0.010955     6.514475 -1.802917
393  2.519267     0.178239     7.347880  1.931029
394  2.544565    -0.010037     3.745288 -2.812036
395       NaN          NaN     0.772962  0.966094
396  0.806137     0.365264     6.514475  1.206291
397  3.456828     0.044404     2.470013  2.893552
398  1.726377     0.039380     0.894241 -1.974116
399  0.720925     0.360595     7.372312  0.966094
400  1.601380     0.256266     6.514475  1.474881
401  0.906969     0.260274     5.176568  0.552704
402  1.948998    -0.036306     2.124304 -1.405464
403  2.874215     0.062569     3.125162  0.966094
404  1.087262     0.310351     6.514475  1.331948
405  1.835880    -0.021935     5.062601 -0.991751
406  2.707354    -0.026990     9.293543 -2.543226
407  0.715443     0.363092     7.363160  0.966094
408  1.316472     0.079060     6.514475  0.246282
409  1.729793     0.243441     7.589062  1.665501
410  2.651834     0.000417     9.179026 -2.337094
411  1.714043     0.211735     3.766616  0.966094
412  2.014161     0.021342     6.514475 -1.476213
413       NaN          NaN     1.028853  1.923434
414  1.654631    -0.011150     0.280710 -1.247436
415  1.202879     0.121521     2.096611  0.966094
416  2.045648     0.008975     6.514475 -1.567942
417  3.190511     0.117967     6.152900  2.248152
418  1.895566     0.028573     4.305085 -1.441478
419  0.796559     0.318455     8.586458  0.966094
420  1.735295    -0.029312     6.514475 -0.520623
421  2.667656    -0.024317     9.285378 -2.430457
422  2.527637    -0.027799     3.349793 -2.466968
423  0.753779     0.342581     7.264713  0.966094
424  2.729235    -0.013595     6.514475 -2.798953
425  2.151804    -0.036403     7.023815 -1.281392
426  1.919590     0.125603     3.117330  1.571760
427  1.112554     0.310270     4.267646  0.966094
428  2.462010     0.006425     6.514475 -2.201462
429  2.230642     0.015950     4.912043 -1.997985
430  2.206641     0.017918     0.689059 -2.923191
431  0.753868     0.349356     5.906009  0.966094
432  1.783281    -0.036864     6.514475 -0.649409
433       NaN          NaN     1.191598  2.958753
434  3.688668     0.034719     1.917829  2.417310
435  1.501860     0.231566     3.968774  0.966094
436  1.002382     0.317006     6.514475  1.289111
437  1.903258    -0.041465     1.473347 -1.485399
438  0.743557     0.345859     8.076250  0.893823
439  3.134581     0.020551     3.020250  0.966094
440  0.737435     0.381895     6.514475  1.163289
441  2.404317    -0.009177     6.128031 -2.264745
442  0.770638     0.350100     7.978507  1.211371
443  2.585674     0.011688     1.272193  0.966094
444  1.630346    -0.010111     6.514475 -0.365699
445  1.346751     0.075104     3.006712  0.426664
446  2.405697    -0.033376     5.651122 -2.038560
447  0.713308     0.374066     5.778235  0.966094
448  2.512858    -0.019552     6.514475 -2.033626
449  0.787061     0.323455     4.980140  0.719468
450       NaN          NaN     0.477268  2.309284
451  0.944079     0.243309     2.698857  0.966094
452  2.065774     0.002711     6.514475 -1.394245
453  1.563134    -0.003913     8.838078  0.002918
454  2.753197     0.123583     4.120303  2.743079
455  1.380499     0.258348     4.006024  0.966094
456  1.264050     0.257632     6.514475  2.634240
457  2.297922     0.020851     8.624111 -2.084934
458  1.577145    -0.000169     1.824596 -0.836052
459       NaN          NaN     0.597231  0.966094
460  2.315988    -0.002250     6.514475 -2.024520
461  1.960451     0.221764     8.694682  1.926732
462  2.747095    -0.003612     7.267086 -2.442981
463  0.764618     0.336255     7.650303  0.966094
464  1.642010    -0.019956     6.514475 -0.311711
465  2.443626    -0.021558     4.990449 -1.970500
466  2.330989    -0.017393     0.973160 -2.985996
467  3.048593    -0.057479     1.211425  0.966094
468  1.173125     0.267669     6.514475  2.389555
469  3.013433     0.099848     2.620269  2.112058
470  2.344102     0.015841     4.037515 -2.556003
471  0.747078     0.344153     9.902139  0.966094
472  2.138651     0.002200     6.514475 -1.423142
473  2.306841     0.018102     5.683504 -2.266658
474  2.073603    -0.009476     9.534418 -1.420687
475  1.023136     0.205014     2.418200  0.966094
476  2.666739     0.008496     6.514475 -2.872159
477  1.768507     0.024131     0.362836 -2.326333
478  2.582797     0.167761     8.824660  2.216876
479       NaN          NaN     0.624712  0.966094
480  0.881639     0.273159     6.514475  0.650415
481  2.746252    -0.022473     5.542612 -2.780559
482  2.055293     0.065460     1.877579  1.165171
483  0.696729     0.372338     8.029848  0.966094
484  2.595042    -0.008782     6.514475 -2.596398
485  2.320107     0.189649     9.187564  2.130744
486  1.422445     0.036245     0.624320 -0.639986
487  0.731476     0.353688     7.915217  0.966094
488  1.265276     0.247965     6.514475  2.455512
489  1.820475     0.036426     1.087823 -1.962641
490  1.382993     0.325946     4.085042  1.018198
491  3.057244     0.028355     2.934517  0.966094
492  1.861499    -0.022744     6.514475 -0.837161
493       NaN          NaN     1.084866  2.624754
494  1.072785     0.182565     8.405902  0.543012
495  1.827398     0.198701     3.730525  0.966094
496  2.828634    -0.028730     6.514475 -2.761576
497  0.699737     0.377548     6.141134  0.981183
498  1.198480     0.129634     9.991549  0.381688
499  2.255326     0.109974     3.376595  0.966094