error: 0.66 | highest correlation: nan
best global temp: 7.599143679700685 | best alpha: 0.9230716302990913 | best average temperature: 2.06
time scale: <class 'ising.Jij_sorted_ising'> | partial correlation: False

        error  correlation  global temp     alpha
0    2.810176     0.159917     4.228518  1.321947
1    3.013611     0.109165     3.288842  2.762276
2    2.138932     0.027018     3.521288 -2.105277
3    2.124216     0.009262     2.971673 -2.105277
4    0.850509     0.289305     2.971673  0.879673
5    1.439645     0.033876     6.361410  0.069410
6    1.936792    -0.029952     9.870720 -0.767958
7    1.860199    -0.042862     5.033497 -0.767958
8    0.839772     0.294636     5.033497  0.682841
9    1.141658     0.149787     2.215454  0.910066
10   2.090907     0.014855     3.914535 -1.996813
11   2.427309     0.009819     9.702842 -1.996813
12   1.114617     0.164450     9.702842  0.538232
13   2.585348    -0.039212     3.379345 -2.630875
14   1.485241     0.027637     9.250052  0.021131
15   1.449577     0.030908     6.157012  0.021131
16   2.053758    -0.007057     6.157012 -1.311640
17   2.132082    -0.018660     8.765032 -1.311390
18   2.451526    -0.010043     9.504786 -2.039184
19   2.151545    -0.017355     2.002002 -2.039184
20   1.707313    -0.027715     2.002002 -0.945720
21   2.240937    -0.010685     5.147831 -1.777688
22   1.043833     0.196156     7.721549  0.496031
23   1.063823     0.187356     8.783282  0.496031
24   2.443724     0.004158     8.783282 -2.037870
25   1.378974     0.054921     2.468523  0.111133
26   2.373595     0.183140     6.486264  1.739211
27   2.697363     0.105659     2.597318  1.739211
28   2.548116    -0.007883     2.597318 -2.998434
29   1.798597     0.058568     0.940162 -2.105743
30   2.999920     0.092701     2.752168  2.156590
31   1.113596     0.236756     6.283766  2.156590
32   0.759394     0.337809     6.283766  0.829756
33   2.061004    -0.033218     6.160393 -1.151374
34   2.073200    -0.018401     3.323754 -1.588013
35   2.108042    -0.022175     3.919081 -1.588013
36   1.866165    -0.020183     3.919081 -1.102156
37   0.753006     0.355947     5.013789  0.892552
38   2.780492    -0.010513     7.019013 -2.933365
39   2.723683    -0.006908     6.279757 -2.933365
40   2.390494     0.009041     6.279757 -1.980068
41   1.873381     0.005603     6.126562 -0.940475
42   0.704335     0.368187     8.250635  0.962120
43   1.238915     0.105972     2.223366  0.962120
44   2.179557     0.003719     2.223366 -2.258106
45   1.181436     0.165370     3.741303  1.425569
46   0.753385     0.342015     5.763631  0.834796
47   1.040677     0.197062     2.307062  0.834796
48   1.491688     0.027562     2.307062  0.198040
49   2.729172    -0.014515     8.006978 -2.730080
50   3.017995     0.137363     6.457756  2.163056
51        NaN          NaN     0.584711  2.163056
52   2.663194     0.012757     6.457756 -2.598350
53   1.895876     0.018188     2.781176 -1.474930
54   1.048948     0.191784     4.255579  0.425661
55   1.085926     0.175590     5.496458  0.425661
56   1.913850    -0.005490     5.496458 -0.975893
57   2.448137    -0.014899     5.222417 -2.432392
58   1.362220     0.210316     6.624024  2.440664
59   2.205648     0.104822     5.759387  2.440664
60   1.578166     0.164237     5.759387  2.262003
61   1.618486    -0.005748     4.572736 -0.480975
62   1.202740     0.123206     1.212384 -0.123074
63   1.686049    -0.014649     0.505138 -0.123074
64   1.971668    -0.005644     1.212384 -2.024092
65   2.488111     0.102885     5.888010  2.991160
66   1.709977    -0.005097     3.549561 -0.886426
67   1.692953    -0.009254     3.459622 -0.886426
68   2.399846     0.004451     3.459622 -2.422972
69   1.333879     0.065937     1.299426  0.460711
70   1.861614    -0.015204     3.629139 -1.197258
71   1.529515     0.034240     2.715543  0.460711
72   1.396063     0.056465     2.715543  0.335812
73   1.426704     0.156016     4.122224  1.702879
74   1.691022    -0.011018     9.503090 -0.434692
75   1.460757     0.019556     0.718223 -0.434692
76   1.517099     0.003461     0.718223 -0.236732
77   2.216550    -0.004217     9.016254 -1.525772
78   2.523786    -0.021153     2.147231 -2.946494
79   1.509987     0.020485     6.427980 -0.236732
80   1.666790    -0.013096     6.427980 -0.400825
81   1.958842     0.199605     3.450579  1.093297
82   2.872079     0.119906     3.748323  2.715941
83   0.717061     0.362947     8.742194  1.093297
84   0.808391     0.341447     8.742194  1.350942
85   2.557209    -0.021166     2.461497 -2.797702
86   1.684875    -0.014955     6.249125 -0.618610
87        NaN          NaN     0.292333  1.350942
88   0.890327     0.335592     8.742194  1.481851
89   0.731183     0.352714     9.872931  0.922916
90   1.364218     0.085359     2.213750  1.146346
91   0.711496     0.373086     5.556900  0.922916
92   2.526778    -0.003434     5.556900 -2.388167
93   2.608290     0.009118     7.204853 -2.581307
94   1.265709     0.097406     3.134700  0.119513
95   1.361357     0.052592     1.831511  0.922916
96   1.619611     0.171890     5.556900  2.228809
97   1.708387     0.250824     5.322525  1.312946
98   2.008070     0.025527     5.289138 -1.596742
99   1.014172     0.290007     4.332681  0.922916
100  1.503498     0.013986     5.556900 -0.073350
101  2.852339     0.146385     9.585938  2.667618
102  1.829725    -0.014339     4.895847 -1.017526
103  1.005048     0.213746     2.625317  0.922916
104  3.433778     0.067174     2.625317  2.887537
105  2.435449     0.004397     5.432499 -2.387009
106  2.313391     0.195964     6.451147  1.804175
107  0.717940     0.362096     6.658910  0.922916
108  2.460066    -0.019414     6.658910 -2.123859
109  2.708466     0.102758     2.579410  1.637769
110  1.589955    -0.014788     1.512055 -0.497395
111  0.722311     0.357902     7.776273  0.922916
112  1.344985     0.069390     7.776273  0.233755
113       NaN          NaN     0.925053  2.955109
114  2.467987     0.180737     9.597393  2.301122
115  0.693301     0.374240     7.623793  0.922916
116  1.372256     0.226099     7.623793  2.693334
117  2.132733     0.139954     5.156744  2.769076
118  1.359909     0.060667     2.648145 -0.129740
119  1.694694     0.164557     3.747186  0.922916
120  0.791891     0.319737     7.623793  0.855172
121  0.961146     0.305530     9.526472  2.614618
122  1.516912     0.187531     7.179429  2.672175
123  1.139148     0.150955     2.027436  0.855172
124  2.193263     0.004099     7.623793 -1.686431
125       NaN          NaN     0.285369  2.415875
126  3.632900     0.059891     1.422814  2.122988
127  0.902418     0.263608     2.726887  0.855172
128  1.762148    -0.031149     2.726887 -0.903356
129  1.491176     0.017778     4.706323 -0.158155
130  0.994450     0.325217     6.146741  1.244785
131       NaN          NaN     0.520932  0.855172
132  3.264059     0.090832     2.726887  2.872595
133  0.825351     0.341485     8.802792  1.381579
134  1.223837     0.240643     7.831315  2.557154
135  0.803386     0.351653     8.645518  1.381579
136  1.334079     0.076148     8.645518  0.235353
137  1.604900    -0.025105     3.704979 -0.224626
138  2.411612    -0.036026     4.485397 -2.036218
139  2.450090     0.161665     4.475757  1.381579
140  2.356602     0.026257     8.645518 -1.857086
141  1.703269     0.187808     7.370063  2.946739
142  1.056683     0.253811     4.048961  0.856188
143  1.387762     0.271968     6.234302  1.381579
144  1.043071     0.278584     8.645518  2.611834
145  2.082464    -0.009786     2.658756 -1.873485
146  2.064410    -0.014115     0.304055 -0.062001
147  0.811417     0.349021     8.554779  1.381579
148  2.319874     0.195724     8.554779  2.055182
149  1.890818    -0.001615     4.406567 -1.304240
150  1.274020     0.095464     6.118550  0.284799
151       NaN          NaN     0.356613  1.381579
152  0.928626     0.336784     8.554779  1.510841
153  2.769297    -0.050365     2.340783  0.676713
154  1.622418    -0.017250     4.291183 -0.387665
155  0.820742     0.351929     9.712678  1.510841
156  1.761286    -0.005187     9.712678 -0.577151
157  0.976077     0.270988     4.777010  1.787637
158  0.924632     0.329755     8.307852  1.443751
159  1.148932     0.318127     7.114088  1.443751
160  1.211948     0.121373     8.307852  0.480574
161  2.408182    -0.019531     3.773549 -2.665250
162  1.807558    -0.010729     1.720624 -1.455761
163  1.473683     0.267872     6.562799  1.443751
164  2.252439    -0.025278     8.307852 -1.437959
165  1.637380    -0.010800     8.163379 -0.233148
166  2.407735     0.006089     9.776395 -1.945693
167  1.074830     0.310013     7.440762  1.443751
168  2.051967     0.034257     8.307852 -1.567864
169  1.695838    -0.004626     2.975392 -0.968028
170  2.719690    -0.026070     0.458504  0.499645
171  2.707932     0.075846     2.090466  1.443751
172  1.545983     0.197223     8.307852  2.865124
173  0.762083     0.354396     9.421804  1.320478
174       NaN          NaN     1.038879  1.220996
175  0.949591     0.334001     6.920329  1.320478
176  2.065922     0.213752     9.421804  2.055970
177  0.894180     0.267391     9.952703  0.769541
178  2.029594    -0.011422     0.277699 -2.738847
179  0.823988     0.348240     7.754821  1.320478
180  1.177361     0.299733     7.754821  1.524410
181  3.266853    -0.045995     2.563560  0.848398
182  0.775032     0.347654     8.851436  1.259887
183  2.491662     0.176677     4.422098  1.259887
184  1.685243     0.008978     8.851436 -0.583394
185  0.687140     0.382650     8.622441  1.115429
186  2.539108    -0.023660     9.549445 -2.026436
187  2.510433     0.181415     3.635108  1.115429
188  2.194517     0.203320     8.622441  1.993447
189  0.964203     0.304813     8.074686  2.554553
190  2.701815     0.155302     7.500060  2.127004
191  1.129104     0.319595     4.949476  1.115429
192  0.750754     0.353853     8.622441  1.197851
193  2.309922    -0.025301     6.162952 -1.744182
194  2.418067     0.091834     4.151074  2.145070
195  1.971593     0.230892     4.584903  1.197851
196  2.662367     0.002932     8.622441 -2.218597
197  1.373917     0.056535     4.700801  0.030067
198  2.061241     0.002032     1.242803 -2.322915
199  1.226308     0.116129     2.881342  1.197851
200  2.736947     0.159823     8.622441  2.360248
201  2.491212     0.007845     5.718154 -2.718965
202  1.704204    -0.007445     2.150764  0.272334
203  1.215889     0.133744     2.782714  1.197851
204  2.157956     0.003449     8.622441 -1.416570
205  2.159039     0.026459     6.781929 -1.568762
206  1.034911     0.199124     6.523636  0.513591
207  0.722547     0.365597     9.106758  1.197851
208  1.246589     0.288307     9.106758  1.706953
209  2.079117    -0.022103     3.036860 -1.656145
210  2.663372    -0.019847     9.705537 -2.414330
211  0.980311     0.224118     3.026794  1.197851
212  2.187285    -0.009257     9.106758 -1.364278
213  1.778291     0.015779     5.025382 -1.098452
214  1.675310    -0.013284     4.975164 -0.600630
215  1.169621     0.308298     5.431224  1.197851
216  2.450788     0.008864     9.106758 -1.878685
217  2.592070    -0.011218     6.113736 -2.800383
218  2.495210    -0.004276     3.633288 -2.430076
219       NaN          NaN     0.113559  1.197851
220  2.234438     0.192197     9.106758  2.142793
221       NaN          NaN     0.968261  2.944894
222  1.693615     0.010040     5.938786 -0.727799
223  2.041535     0.229508     4.519459  1.197851
224  2.868423     0.007661     9.106758 -2.761453
225  2.280955     0.129244     4.634477  2.372788
226  2.050702     0.048123     5.675608 -1.879322
227  1.647795     0.058957     2.269583  1.197851
228  3.008890     0.128521     9.106758  2.883356
229  1.394439     0.047400     3.399922 -0.051109
230  2.576950    -0.028245     3.482348 -2.784150
231  2.429186     0.185588     4.221943  1.197851
232  1.224945     0.117659     9.106758  0.390872
233  1.066210     0.183562     4.050654  0.470333
234  1.221697     0.115802     3.129630  0.292911
235  1.505496     0.092170     2.454250  1.197851
236  1.938241     0.012586     9.106758 -1.150029
237  2.562977     0.013720     8.678769 -2.468239
238  2.238055     0.002245     4.772991 -2.077803
239  0.787738     0.373063     6.505209  1.197851
240  1.994083     0.225531     9.106758  1.986384
241  2.315543     0.017136     9.548738 -2.054130
242  2.427244     0.020982     4.162632 -2.665933
243  0.745100     0.357895     8.474180  1.197851
244  1.440855     0.035882     8.474180  0.109092
245  2.110970    -0.016826     5.210709 -1.489272
246  1.458167     0.025221     0.772925 -0.203884
247  1.892270     0.186209     3.953176  1.197851
248  2.018640     0.218890     8.474180  1.906543
249  1.670869    -0.028819     3.660725 -0.576551
250  1.747501    -0.002508     3.879236 -0.885243
251  1.081834     0.179584     3.014517  1.197851
252  2.784033     0.153301     8.474180  2.342460
253  2.167051    -0.020423     5.224824 -1.712464
254  2.196538    -0.035328     1.990249  0.455771
255       NaN          NaN     1.119753  1.197851
256  1.384757     0.207556     8.474180  2.769086
257  3.058892     0.127325     4.651231  1.586343
258  1.784899     0.024058     6.828979 -1.035405
259  0.693607     0.379084     9.511759  1.197851
260  0.893852     0.323037     9.511759  2.738342
261       NaN          NaN     0.190465  2.447284
262  1.715248    -0.021213     4.613749 -0.574461
263  0.709928     0.371794     9.253114  1.197851
264  2.741956    -0.001084     9.253114 -2.720440
265       NaN          NaN     0.758805  2.067194
266  1.825679    -0.019898     4.725127 -0.920313
267  0.930177     0.249113     3.352100  1.197851
268  1.540144     0.255426     9.253114  1.832916
269  1.248500     0.254564     7.520132  2.719399
270  2.910521     0.121422     1.950035  1.479771
271  2.144159     0.210849     4.438518  1.197851
272  1.579828     0.003632     9.253114 -0.216733
273  1.808492     0.117080     4.898590  1.960839
274  1.763859    -0.006656     3.587585 -0.935620
275  0.853182     0.352852     6.269113  1.197851
276  1.028003     0.202584     9.253114  0.647363
277  2.223896    -0.010882     8.566553 -1.367634
278  2.270543     0.120347     2.070491  1.347923
279  0.755337     0.366357     7.300157  1.197851
280  2.568334    -0.018520     9.253114 -2.041361
281  1.551420     0.003229     1.392233 -0.597022
282  1.644725    -0.025840     7.913517 -0.185503
283  0.749294     0.353445     8.838883  1.197851
284  2.754356    -0.011418     9.253114 -2.658907
285       NaN          NaN     0.301558  1.224114
286  2.502593     0.012470     3.815782 -2.609542
287  2.559229     0.177934     4.069821  1.197851
288  2.352601     0.038291     9.253114 -1.974118
289  1.314119     0.283516     9.975497  1.854598
290  1.412518     0.042756     7.818731  0.254738
291  1.925782     0.243063     4.555956  1.197851
292  1.319826     0.081163     9.253114  0.257012
293  1.846026    -0.032812     4.787984 -0.860461
294  2.151570     0.136096     4.038231  2.087333
295  0.974987     0.338953     5.797168  1.197851
296  2.114299    -0.021046     9.253114 -1.260267
297  1.661230    -0.005411     0.218351 -1.904071
298  2.266454     0.172142     4.650978  2.596466
299  0.725158     0.362807     9.449373  1.197851
300  1.814822     0.013436     9.449373 -0.824630
301  3.647316     0.027483     1.708686  2.061422
302  2.103775     0.114437     3.269221  1.686941
303  2.018681     0.221746     4.530278  1.197851
304  2.303228     0.190167     9.449373  2.251037
305  2.238294     0.018143     1.711473 -2.528404
306  1.893278    -0.016959     2.579647 -1.509586
307       NaN          NaN     0.158873  1.197851
308  1.800050     0.001482     9.449373 -0.826463
309  3.663823     0.040213     1.847040  2.338796
310  3.646374     0.024847     1.708838  2.363190
311  0.761965     0.360886     7.349894  1.197851
312  1.663975    -0.017619     9.449373 -0.288825
313  2.318975    -0.018676     8.977189 -1.601578
314  1.878083    -0.019933     1.466276 -1.529766
315  0.730343     0.368259     7.983201  1.197851
316  1.176058     0.303080     7.983201  1.561445
317  0.826053     0.301744     7.626160  0.704162
318  2.389731     0.115647     5.371357  2.791304
319  2.923307     0.121622     1.481694  1.197851
320  1.702707     0.002063     7.983201 -0.586722
321  2.425073     0.002793     8.224628 -2.199941
322  2.788744    -0.024172     8.580717 -2.316462
323  0.761508     0.354179     7.945277  1.197851
324  1.642216    -0.004342     7.983201 -0.336618
325  2.387308    -0.027253     3.852141 -2.419917
326  0.921839     0.334389     9.865875  1.609108
327  2.639583     0.168740     4.005279  1.197851
328  1.242011     0.111644     7.983201  0.294751
329  1.101782     0.169061     7.476003  0.475239
330  1.993338    -0.013858     0.366079 -2.587427
331  1.272231     0.304220     5.284451  1.197851
332  0.715454     0.363373     7.983201  0.993285
333  1.613713     0.005456     3.876295 -0.628953
334  1.914356    -0.028381     8.892728 -0.724212
335  0.710007     0.370284     6.932120  0.993285
336  1.694942    -0.007147     6.932120 -0.534125
337  2.325379     0.004150     6.793035 -1.872755
338  1.494657     0.013930     3.463078 -0.241868
339       NaN          NaN     0.696150  0.993285
340  2.625639     0.004371     6.932120 -2.782635
341  2.473750     0.184297     8.533851  2.133733
342  1.679224     0.014934     2.145545 -1.139858
343  0.763770     0.358214     5.533832  0.993285
344  2.375914     0.183314     6.932120  1.839411
345  1.899630     0.002677     9.256697 -0.920219
346  2.449903    -0.033173     8.939820 -1.968841
347  0.697057     0.373993     8.196972  0.993285
348  2.897757    -0.017762     8.196972 -2.979285
349       NaN          NaN     1.002817  1.396688
350  1.690739    -0.002639     4.111939 -0.835689
351  0.701362     0.370685     7.845990  0.993285
352  1.666657     0.249686     7.845990  1.691201
353  1.145721     0.149048     4.884805  0.300045
354  2.723148    -0.005221     5.320854 -2.936160
355  0.781855     0.355277     5.360221  0.993285
356  0.749847     0.355334     7.845990  1.158145
357  1.271802     0.097937     9.302384  0.383999
358  1.858535     0.230152     9.745619  2.007801
359  0.974718     0.344787     4.489531  0.993285
360  0.841569     0.348938     7.845990  1.364685
361  2.385598     0.182976     9.334018  2.210635
362  1.551941    -0.000983     2.807612 -0.414336
363  0.745512     0.346730     7.912359  0.993285
364  0.777500     0.327487     7.845990  0.866850
365  1.752555    -0.042292     1.199915 -1.214081
366  3.093511    -0.019934     8.864804 -2.927126
367  0.764774     0.357880     5.425882  0.993285
368  2.458252    -0.005622     7.845990 -1.818741
369  1.401639     0.128904     3.621133  1.512140
370       NaN          NaN     0.181385  2.961645
371  3.019704     0.023372     1.230217  0.993285
372  1.992759     0.226685     7.845990  1.798716
373  2.473997     0.180331     3.549666  1.060970
374  1.864998     0.002355     9.749184 -0.842659
375  0.737394     0.366381     5.716927  0.993285
376  2.747338    -0.025397     7.845990 -2.804344
377  0.774848     0.356491     7.134912  1.182207
378       NaN          NaN     1.134741  1.905673
379  1.284845     0.085163     1.767195  0.993285
380  2.173733     0.203918     7.845990  1.848633
381  1.626572    -0.005790     4.043898 -0.574643
382  2.350487     0.007142     8.460508 -1.830711
383  0.967180     0.231903     2.600742  0.993285
384  2.666545     0.007644     7.845990 -2.580843
385  0.853268     0.349205     6.692385  1.240604
386  3.055987     0.106754     2.211731  1.843409
387  0.771483     0.368540     5.230818  0.993285
388  2.154183     0.026187     7.845990 -1.565330
389  2.108854     0.017092     3.343562 -1.979884
390  2.283245    -0.002003     2.511721 -2.300655
391  2.671942     0.068943     1.285788  0.993285
392  0.704654     0.367649     7.845990  0.908808
393  2.331190    -0.021538     3.810297 -2.119442
394  1.541952     0.006548     8.625365 -0.069330
395  0.834921     0.316898     4.916021  0.908808
396  2.467470    -0.026335     7.845990 -2.007851
397  0.908243     0.304794     7.664075  2.255080
398  2.179368     0.018043     5.076803 -1.964311
399  1.887218     0.113013     3.639064  0.908808
400  2.748299     0.011682     7.845990 -2.707638
401  2.151212     0.007122     0.985406 -2.591261
402  1.306764     0.224740     7.646485  2.608033
403  0.728194     0.355846     6.631367  0.908808
404  1.644844    -0.010919     7.845990 -0.276833
405  2.694057     0.121807     2.123734  1.490535
406  1.571912    -0.012788     2.827698 -0.371068
407  0.721560     0.360422     6.343762  0.908808
408  2.385943    -0.005406     7.845990 -1.805451
409  2.846030     0.120687     3.840368  2.962258
410  1.000380     0.318893     9.406526  1.620435
411  0.812441     0.344510     4.663286  0.908808
412  2.218089    -0.016825     7.845990 -1.684887
413  1.994862    -0.033891     7.293752 -1.057757
414  2.024200    -0.010453     7.236277 -1.248163
415  0.704638     0.367513     7.985528  0.908808
416  1.618872     0.224960     7.985528  2.590422
417  2.866838     0.031921     9.470510 -2.916188
418  2.432818     0.129383     5.657524  2.968594
419  1.789333     0.140244     3.631475  0.908808
420  0.963217     0.233463     7.985528  0.649260
421  1.542588     0.013626     4.757144 -0.408692
422  0.776021     0.360280     7.501828  1.257614
423  0.703164     0.369665     6.495946  0.908808
424  1.790788    -0.014932     6.495946 -0.769278
425  0.762816     0.337400     9.134536  1.040163
426  2.850004    -0.016746     8.460935 -2.926076
427  0.722415     0.358242     7.228526  0.908808
428  2.662212    -0.013289     6.495946 -2.709774
429  1.872062    -0.004531     3.302734 -1.337574
430  1.080038     0.181608     3.611396  0.538598
431  0.773700     0.330160     7.120000  0.908808
432  2.829404    -0.020516     6.495946 -2.830526
433  0.753553     0.341004     5.731195  0.780544
434  2.274139    -0.036771     6.340889 -1.537013
435  1.400613     0.036155     1.764090  0.908808
436  1.473560     0.021510     6.495946  0.042689
437  2.577169    -0.032934     6.799710 -2.172071
438  1.259719     0.096870     2.149106  0.941961
439  2.366853    -0.003667     1.201515  0.908808
440  0.731130     0.364550     6.495946  1.051728
441  3.694236     0.022886     1.776024  2.284910
442  3.008033     0.115137     2.259623  2.145876
443       NaN          NaN     0.531971  0.908808
444  2.483228     0.009528     6.495946 -2.664373
445  1.961268    -0.010181     0.497547  0.241889
446  1.460617     0.022727     4.590696  0.028860
447       NaN          NaN     0.343756  0.908808
448  1.266605     0.098709     6.495946  0.307705
449  2.350864    -0.024357     0.677191  0.540125
450  1.508901     0.012816     3.108554 -0.362845
451  0.710100     0.365027     7.520000  0.908808
452  2.287810     0.041934     7.520000 -2.277205
453  1.159028     0.142444     1.226201  0.184756
454       NaN          NaN     1.161293  2.422274
455  0.764392     0.337717     6.175476  0.908808
456  1.529564     0.013485     7.520000 -0.135365
457  1.253681     0.102969     4.169692  0.198076
458  1.168978     0.140729     8.203327  0.428736
459  0.939871     0.245953     2.590087  0.908808
460  2.722712     0.154196     7.520000  2.218035
461  2.005797     0.012618     7.052336 -1.522549
462  1.828494    -0.007769     7.511871 -0.893338
463  0.755274     0.339435     9.791627  0.908808
464  2.540325    -0.022904     7.520000 -2.081806
465  1.935712     0.212654     9.700207  2.425074
466  2.838066     0.112895     3.507192  2.551830
467  0.720173     0.358762     8.622727  0.908808
468  1.757778    -0.021370     7.520000 -0.537332
469  1.712705    -0.016857     2.674292 -0.994559
470  1.845017    -0.021778     1.575051 -1.468966
471  1.054171     0.190487     2.404423  0.908808
472  0.873189     0.339865     7.520000  1.349957
473  2.454094    -0.021907     2.842112 -2.512838
474  2.215198     0.121570     5.476991  2.677815
475  4.028293    -0.039526     0.722830  0.908808
476  0.709072     0.365149     7.520000  0.855154
477       NaN          NaN     0.152699  2.925360
478  0.679565     0.381637     8.248401  0.923072
479  0.740244     0.348231     8.238287  0.923072
480  1.190249     0.131686     8.248401  0.405551
481  3.183632     0.113941     6.964043  2.534939
482  1.966985    -0.004824     2.739802  0.619199
483  0.662680     0.392267     7.599144  0.923072
484  1.882425    -0.008174     7.599144 -0.869976
485  0.853572     0.289613     2.563331  0.785390
486  0.832753     0.298307     7.225196  0.667384
487  0.715669     0.363904     6.399073  0.923072
488  1.398956     0.050513     7.599144  0.141579
489  2.242044    -0.009932     1.086355 -2.712207
490  1.143317     0.151883     3.298369  0.442055
491  3.150401    -0.021046     1.055367  0.923072
492  2.629977     0.019073     7.599144 -2.985103
493  1.442072     0.043942     9.991024  0.009719
494  0.811952     0.348065     7.791353  2.366500
495  3.862406     0.001562     0.815594  0.923072
496  0.869571     0.279493     7.599144  0.672318
497  0.837096     0.307929     4.613559  0.822279
498  0.891405     0.334140     9.202384  2.650086
499  1.720283     0.010935     1.390671  0.923072