error: 0.29 | highest correlation: nan
best global temp: 6.029539843784592 | best alpha: 1.106065720319748 | best average temperature: 1.03
time scale: <class 'ising.Jij_sorted_ising'> | partial correlation: False

        error  correlation  global temp     alpha
0    0.615461     0.601688     4.228518  1.321947
1    1.580327     0.266823     3.288842  2.762276
2    2.122544    -0.002964     3.521288 -2.105277
3    1.822901    -0.012170     0.350892 -2.105277
4    1.570777     0.000594     0.350892 -1.607976
5    0.601279     0.606056     4.228518  1.321947
6    0.620035     0.598695     4.228518  1.321947
7    0.630500     0.595612     4.228518  1.321947
8    1.806813     0.033804     0.100000 -3.000000
9    1.757475     0.039742     0.100000 -3.000000
10   1.729449     0.041155     0.100000 -3.000000
11   1.767219    -0.071409     1.959202 -1.053691
12   1.711200    -0.045716     1.959202 -1.053691
13   1.744030    -0.066161     1.959202 -1.053691
14   0.841272     0.297131     3.028810  0.066030
15   0.807083     0.315474     3.028810  0.066030
16   0.813150     0.312233     3.028810  0.066030
17   0.301397     0.635959     3.609926  0.674373
18   0.308841     0.629691     3.609926  0.674373
19   0.306128     0.631963     3.609926  0.674373
20   0.402744     0.641628     4.046722  1.131634
21   0.417184     0.631417     4.046722  1.131634
22   0.403443     0.639587     4.046722  1.131634
23   0.558676     0.610199     4.176527  1.267520
24   0.557903     0.609390     4.176527  1.267520
25   0.545445     0.612238     4.176527  1.267520
26   0.592095     0.604117     4.208499  1.300990
27   0.592581     0.603402     4.208499  1.300990
28   0.594587     0.605032     4.208499  1.300990
29   0.608432     0.599941     4.222060  1.315187
30   0.600977     0.604323     4.222060  1.315187
31   0.613169     0.601896     4.222060  1.315187
32   0.594282     0.609217     4.226310  1.319636
33   0.596158     0.606018     4.226310  1.319636
34   0.608874     0.604136     4.226310  1.319636
35   0.607418     0.606177     4.227899  1.321299
36   0.609128     0.602303     4.227899  1.321299
37   0.623058     0.598710     4.227899  1.321299
38   0.621803     0.598674     4.228345  1.321766
39   0.629105     0.595537     4.228345  1.321766
40   0.632516     0.595340     4.228345  1.321766
41   0.612609     0.602436     4.228470  1.321897
42   0.617669     0.602712     4.228470  1.321897
43   0.622693     0.602052     4.228470  1.321897
44   0.618943     0.600597     4.228504  1.321933
45   0.616205     0.598675     4.228504  1.321933
46   0.625971     0.595411     4.228504  1.321933
47   0.601393     0.609038     4.228514  1.321942
48   0.622522     0.599353     4.228514  1.321942
49   0.607204     0.602754     4.228514  1.321942
50   0.636509     0.595116     4.228517  1.321946
51   0.610692     0.602596     4.228517  1.321946
52   0.612491     0.602546     4.228517  1.321946
53   0.620874     0.596360     4.228517  1.321946
54   0.610485     0.602515     4.228517  1.321946
55   0.603060     0.603295     4.228517  1.321946
56   0.606796     0.602249     4.228518  1.321947
57   0.600103     0.606509     4.228518  1.321947
58   0.616073     0.601987     4.228518  1.321947
59   0.623585     0.599797     4.228518  1.321947
60   0.624739     0.601299     4.228518  1.321947
61   0.609624     0.606053     4.228518  1.321947
62   0.625500     0.600790     4.228518  1.321947
63   0.602635     0.603621     4.228518  1.321947
64   0.606562     0.603394     4.228518  1.321947
65   0.607590     0.601766     4.228518  1.321947
66   0.619011     0.601659     4.228518  1.321947
67   0.638709     0.593412     4.228518  1.321947
68   1.622558    -0.037296     1.234021 -0.943634
69   1.584196     0.434051     7.624712  2.747057
70   1.354015     0.458305     8.412884  2.747057
71   1.484802     0.441287     8.412884  2.819023
72   3.371215     0.059847     1.330927  1.701805
73   1.375901     0.450272     9.531846  2.907636
74   1.491360     0.325972     3.346469  2.907636
75   0.731607     0.609618     3.346469  1.195943
76   2.132233     0.330604     0.740909  2.316524
77   1.190796     0.482123     7.959064  2.382667
78   2.280628     0.194273     2.088357  2.382667
79   2.322105    -0.006977     2.088357 -2.810373
80   2.047995    -0.007187     1.411288 -2.473224
81   2.383926    -0.007679     6.122696 -2.622214
82   2.456801    -0.010077     7.677345 -2.622214
83   0.590970     0.589765     7.677345  1.811951
84   0.594431     0.588155     7.677345  1.811951
85   0.591294     0.590691     7.677345  1.811951
86   0.595388     0.586957     7.677345  1.811951
87   2.397548     0.064878    10.000000 -3.000000
88   2.354954     0.061823    10.000000 -3.000000
89   2.602596     0.016440    10.000000 -3.000000
90   0.553930     0.597922     7.692644  1.780255
91   0.554057     0.598602     7.692644  1.780255
92   0.530766     0.606014     7.692644  1.780255
93   0.586567     0.588138     7.686126  1.793758
94   0.570150     0.594459     7.686126  1.793758
95   0.563950     0.594998     7.686126  1.793758
96   0.584743     0.590978     7.682337  1.801609
97   0.582444     0.591415     7.682337  1.801609
98   0.565011     0.597307     7.682337  1.801609
99   0.586254     0.590749     7.680199  1.806039
100  0.576255     0.594104     7.680199  1.806039
101  0.591818     0.588289     7.680199  1.806039
102  0.587129     0.591838     7.677604  1.811414
103  0.565723     0.599616     7.677604  1.811414
104  0.566908     0.598475     7.677604  1.811414
105  0.555448     0.602684     7.677490  1.811650
106  0.583628     0.591833     7.677490  1.811650
107  0.599980     0.585471     7.677490  1.811650
108  0.573929     0.596991     7.677350  1.811940
109  0.575878     0.593527     7.677350  1.811940
110  0.586414     0.590964     7.677350  1.811940
111  0.587143     0.590163     7.677368  1.811904
112  0.601388     0.585837     7.677368  1.811904
113  0.585500     0.590849     7.677368  1.811904
114  0.569905     0.595151     7.677358  1.811924
115  0.589050     0.590408     7.677358  1.811924
116  0.601576     0.585709     7.677358  1.811924
117  0.594126     0.587903     7.677362  1.811916
118  0.575427     0.595751     7.677362  1.811916
119  0.570236     0.596739     7.677362  1.811916
120  0.597771     0.587363     7.677360  1.811920
121  0.605481     0.585848     7.677360  1.811920
122  0.585191     0.592671     7.677360  1.811920
123  0.580237     0.592127     7.677359  1.811922
124  0.588647     0.590259     7.677359  1.811922
125  0.571800     0.596037     7.677359  1.811922
126  0.589115     0.589984     7.677358  1.811924
127  0.580406     0.591972     7.677358  1.811924
128  0.585350     0.591649     7.677358  1.811924
129  0.588443     0.590374     7.677391  1.811882
130  0.577458     0.593966     7.677391  1.811882
131  0.586525     0.591419     7.677391  1.811882
132  0.568946     0.596683     7.677363  1.811918
133  0.585752     0.591243     7.677363  1.811918
134  0.580740     0.593700     7.677363  1.811918
135  0.559534     0.600665     7.677398  1.811859
136  0.573712     0.595770     7.677398  1.811859
137  0.585551     0.590606     7.677398  1.811859
138  0.608370     0.581187     7.677364  1.811915
139  0.575681     0.594194     7.677364  1.811915
140  0.591979     0.590043     7.677364  1.811915
141  0.572745     0.596838     7.677363  1.811917
142  0.584816     0.591079     7.677363  1.811917
143  0.586252     0.592246     7.677363  1.811917
144  0.577043     0.594876     7.677363  1.811918
145  0.589338     0.590657     7.677363  1.811918
146  0.575536     0.595519     7.677363  1.811918
147  0.565185     0.598758     7.677363  1.811918
148  0.562740     0.600950     7.677363  1.811918
149  0.593472     0.589937     7.677363  1.811918
150  0.586326     0.590206     7.677363  1.811918
151  0.569474     0.597196     7.677363  1.811918
152  0.596855     0.587089     7.677363  1.811918
153  0.583168     0.591430     7.677363  1.811918
154  0.582597     0.594011     7.677363  1.811918
155  0.584711     0.590980     7.677363  1.811918
156  0.581841     0.592363     7.677363  1.811918
157  0.597375     0.586299     7.677363  1.811918
158  0.590636     0.590821     7.677363  1.811918
159  2.286743     0.081591     0.923192  0.979950
160  2.355558    -0.006825     3.496910 -2.746331
161  2.565599    -0.012585     7.878929 -2.746331
162  0.408346     0.559484     7.878929  0.719768
163  0.403996     0.562809     7.878929  0.719768
164  0.417036     0.553054     7.878929  0.719768
165  0.394760     0.569600     7.878929  0.719768
166  3.612841     0.076855     0.100000  3.000000
167  3.612841     0.076855     0.100000  3.000000
168  3.612841     0.076855     0.100000  3.000000
169  0.567556     0.602639     5.285954  1.479845
170  0.590233     0.593758     5.285954  1.479845
171  0.568150     0.605016     5.285954  1.479845
172  0.348882     0.600164     7.411171  0.856881
173  0.350871     0.598715     7.411171  0.856881
174  0.341849     0.605980     7.411171  0.856881
175  0.372978     0.584840     7.741864  0.759945
176  0.389437     0.572208     7.741864  0.759945
177  0.382284     0.577685     7.741864  0.759945
178  0.401404     0.563978     7.848475  0.728695
179  0.405873     0.560988     7.848475  0.728695
180  0.385250     0.576394     7.848475  0.728695
181  0.396807     0.567788     7.871273  0.722012
182  0.411315     0.557342     7.871273  0.722012
183  0.407763     0.559636     7.871273  0.722012
184  0.423942     0.547945     7.877113  0.720300
185  0.410005     0.558267     7.877113  0.720300
186  0.405049     0.561967     7.877113  0.720300
187  0.414333     0.554892     7.878151  0.719996
188  0.396305     0.568470     7.878151  0.719996
189  0.401088     0.565009     7.878151  0.719996
190  0.408890     0.559027     7.878550  0.719879
191  0.397881     0.567372     7.878550  0.719879
192  0.412364     0.556475     7.878550  0.719879
193  0.388878     0.573960     7.878752  0.719819
194  0.410691     0.557776     7.878752  0.719819
195  0.409925     0.558110     7.878752  0.719819
196  0.394981     0.569400     7.878891  0.719779
197  0.411149     0.557489     7.878891  0.719779
198  0.400558     0.565346     7.878891  0.719779
199  0.410419     0.557750     7.878921  0.719770
200  0.399413     0.565751     7.878921  0.719770
201  0.389107     0.573784     7.878921  0.719770
202  0.393984     0.570175     7.878926  0.719769
203  0.413003     0.556084     7.878926  0.719769
204  0.411358     0.557446     7.878926  0.719769
205  0.404653     0.562373     7.878875  0.719782
206  0.407691     0.560014     7.878875  0.719782
207  0.389369     0.573599     7.878875  0.719782
208  0.411756     0.556697     7.878912  0.719772
209  0.422208     0.549145     7.878912  0.719772
210  0.424376     0.547648     7.878912  0.719772
211  0.393977     0.570052     7.878922  0.719769
212  0.411249     0.557574     7.878922  0.719769
213  0.403660     0.562880     7.878922  0.719770
214  0.397870     0.567324     7.878925  0.719769
215  0.410269     0.558285     7.878925  0.719769
216  0.405364     0.561755     7.878925  0.719769
217  0.414810     0.554343     7.878925  0.719769
218  0.405657     0.561532     7.878925  0.719769
219  0.423017     0.548629     7.878925  0.719769
220  0.423581     0.548123     7.878926  0.719769
221  0.400447     0.565237     7.878926  0.719769
222  0.401034     0.564946     7.878926  0.719769
223  0.400692     0.565234     7.878926  0.719769
224  0.410695     0.558012     7.878926  0.719769
225  0.407666     0.559609     7.878926  0.719769
226  0.403635     0.562760     7.878926  0.719769
227  0.404435     0.562367     7.878926  0.719769
228  0.414259     0.555102     7.878926  0.719769
229  0.422404     0.549240     7.878926  0.719769
230  0.400603     0.565094     7.878926  0.719769
231  0.414130     0.554972     7.878926  0.719769
232  0.414898     0.554709     7.878926  0.719769
233  0.402591     0.563580     7.878926  0.719769
234  0.401435     0.564381     7.878926  0.719769
235  0.408054     0.559770     7.878926  0.719769
236  0.409902     0.558295     7.878926  0.719769
237  0.429111     0.544382     7.878926  0.719769
238  0.557700     0.460446     9.421955  0.542197
239  0.835718     0.384027     3.539696  2.170275
240  0.745814     0.554573     9.550750  2.170275
241  1.138206     0.152919     9.550750  0.190260
242  0.333467     0.636791     8.665452  1.488103
243  1.829112     0.005026     0.120212 -2.774230
244  2.284547     0.008717     3.468923 -2.774230
245  2.350693     0.368580     3.468923  1.898936
246  0.330160     0.639514     8.665452  1.488103
247  0.326803     0.640371     8.665452  1.488103
248  0.327534     0.640403     8.665452  1.488103
249  1.325679     0.456032    10.000000  3.000000
250  1.302706     0.458013    10.000000  3.000000
251  1.331846     0.451618    10.000000  3.000000
252  0.926110     0.516767     9.396886  2.316738
253  0.904019     0.523091     9.396886  2.316738
254  0.894824     0.526435     9.396886  2.316738
255  0.339198     0.638925     8.700767  1.528111
256  0.343406     0.635744     8.700767  1.528111
257  0.334669     0.641509     8.700767  1.528111
258  0.327531     0.642785     8.676399  1.500505
259  0.332651     0.637644     8.676399  1.500505
260  0.326194     0.643968     8.676399  1.500505
261  0.333400     0.637416     8.670207  1.493490
262  0.329246     0.641072     8.670207  1.493490
263  0.328436     0.641100     8.670207  1.493490
264  0.325384     0.642674     8.666277  1.489038
265  0.330918     0.638793     8.666277  1.489038
266  0.329429     0.639942     8.666277  1.489038
267  0.331164     0.638821     8.665887  1.488596
268  0.330334     0.640246     8.665887  1.488596
269  0.329699     0.639262     8.665887  1.488596
270  0.331102     0.639002     8.665571  1.488239
271  0.330041     0.639680     8.665571  1.488239
272  0.330477     0.639184     8.665571  1.488239
273  0.328136     0.639815     8.665486  1.488142
274  0.328483     0.639444     8.665486  1.488142
275  0.326146     0.641926     8.665486  1.488142
276  0.327007     0.641382     8.665462  1.488114
277  0.330135     0.640767     8.665462  1.488114
278  0.327812     0.640795     8.665462  1.488114
279  0.332878     0.637858     8.665456  1.488108
280  0.323200     0.644476     8.665456  1.488108
281  0.333205     0.637078     8.665456  1.488108
282  0.328702     0.640804     8.665453  1.488104
283  0.329196     0.640879     8.665453  1.488104
284  0.328756     0.640693     8.665453  1.488104
285  0.330908     0.638816     8.665452  1.488104
286  0.328615     0.640325     8.665452  1.488104
287  0.328494     0.640352     8.665452  1.488104
288  0.338212     0.633722     8.665453  1.488104
289  0.328753     0.640295     8.665453  1.488104
290  0.330322     0.638813     8.665453  1.488104
291  0.330219     0.640300     8.665453  1.488104
292  0.329052     0.640150     8.665453  1.488104
293  0.327262     0.640595     8.665453  1.488104
294  0.329407     0.640293     8.665453  1.488104
295  0.329830     0.639905     8.665453  1.488104
296  0.328018     0.640262     8.665453  1.488104
297  0.328161     0.639730     8.665453  1.488104
298  0.330792     0.638083     8.665453  1.488104
299  0.329064     0.640427     8.665453  1.488104
300  0.327845     0.640611     8.665453  1.488104
301  0.327165     0.640652     8.665453  1.488104
302  0.330945     0.639083     8.665453  1.488104
303  0.327346     0.641215     8.665451  1.488103
304  0.328438     0.640886     8.665451  1.488103
305  0.327885     0.641118     8.665451  1.488103
306  0.330863     0.639200     8.665444  1.488101
307  0.336991     0.634897     8.665444  1.488101
308  0.329140     0.640743     8.665444  1.488101
309  0.330465     0.638338     8.665450  1.488103
310  0.328089     0.640873     8.665450  1.488103
311  0.335772     0.636042     8.665450  1.488103
312  0.332131     0.637876     8.665451  1.488103
313  0.327930     0.640572     8.665451  1.488103
314  0.328982     0.639707     8.665451  1.488103
315  0.330157     0.638035     8.665451  1.488103
316  0.328654     0.640337     8.665451  1.488103
317  0.332447     0.637760     8.665451  1.488103
318  0.326586     0.641449     8.665451  1.488103
319  0.333462     0.636629     8.665451  1.488103
320  0.327931     0.640140     8.665451  1.488103
321  0.327679     0.640556     8.665427  1.488094
322  0.331314     0.639194     8.665427  1.488094
323  0.329552     0.639077     8.665427  1.488094
324  0.325587     0.642460     8.665445  1.488101
325  0.334937     0.636232     8.665445  1.488101
326  0.333288     0.636805     8.665445  1.488101
327  0.328848     0.640374     8.665450  1.488103
328  0.333918     0.636925     8.665450  1.488103
329  0.325017     0.641753     8.665450  1.488103
330  0.325082     0.642227     8.665451  1.488103
331  0.327840     0.641101     8.665451  1.488103
332  0.331570     0.638365     8.665451  1.488103
333  0.330472     0.639359     8.665450  1.488103
334  0.328564     0.640798     8.665450  1.488103
335  0.329644     0.639525     8.665450  1.488103
336  0.332200     0.637794     8.665450  1.488103
337  0.331580     0.638713     8.665450  1.488103
338  0.330548     0.639188     8.665450  1.488103
339  0.324675     0.643007     8.665451  1.488103
340  0.325759     0.642043     8.665451  1.488103
341  0.336250     0.636075     8.665451  1.488103
342  0.329832     0.640257     8.665450  1.488103
343  0.335290     0.636101     8.665450  1.488103
344  0.330197     0.638120     8.665450  1.488103
345  0.328275     0.640891     8.665451  1.488103
346  0.332029     0.637008     8.665451  1.488103
347  0.323491     0.643085     8.665451  1.488103
348  0.328900     0.639950     8.665451  1.488103
349  0.326841     0.641296     8.665451  1.488103
350  0.330975     0.639122     8.665451  1.488103
351  1.699269     0.442855     5.996017  2.382737
352  2.373050     0.016605     5.373591 -2.949217
353  2.547306     0.007452     8.551823 -2.949217
354  1.501797     0.003850     8.551823 -0.161875
355  2.643879     0.318846     0.291045  2.377347
356  0.510966     0.489258     2.955633  0.289095
357  0.501407     0.491009     2.216377  0.289095
358  2.224928     0.436561     2.216377  1.242392
359  2.213849    -0.009960     6.116264 -1.910092
360       NaN          NaN     0.613669  2.187313
361  1.946070    -0.022401     2.593117 -1.910092
362  0.763708     0.411981     2.593117  1.732812
363  1.095329     0.179642     0.644992 -0.534876
364  1.854238    -0.046941     6.654219 -1.181943
365  1.822942    -0.035654     5.450073 -1.181943
366  0.599503     0.434652     5.450073  0.390153
367  2.188578    -0.028464     1.249989 -2.537967
368  0.933743     0.516821     9.600767  2.355168
369  0.888467     0.525693     9.931713  2.355168
370  1.159604     0.481786     9.931713  2.701445
371  2.448709     0.339601     0.167073  1.101952
372  2.048752     0.050698     1.641476 -2.997457
373  2.288080     0.010488     2.882355 -2.997457
374  2.454685     0.358724     2.882355  1.600989
375  0.650725     0.402265     2.608313  0.144490
376  0.321809     0.620203     9.998541  1.311004
377  0.315361     0.631394     8.328958  1.311004
378  0.433367     0.542366     8.328958  0.686803
379  0.311382     0.634366     8.328958  1.311004
380  0.307752     0.636677     8.328958  1.311004
381  0.314294     0.632125     8.328958  1.311004
382  2.665314    -0.012272    10.000000 -3.000000
383  2.603812    -0.011201    10.000000 -3.000000
384  2.693047    -0.012660    10.000000 -3.000000
385  0.771752     0.334778     8.696318  0.363278
386  0.810970     0.313403     8.696318  0.363278
387  0.768274     0.336613     8.696318  0.363278
388  0.388955     0.572562     8.535826  0.777319
389  0.398120     0.565874     8.535826  0.777319
390  0.382145     0.577854     8.535826  0.777319
391  0.335824     0.607035     8.441947  1.019513
392  0.346520     0.598782     8.441947  1.019513
393  0.334888     0.607933     8.441947  1.019513
394  0.318889     0.620609     8.386593  1.162317
395  0.315051     0.623425     8.386593  1.162317
396  0.313829     0.624270     8.386593  1.162317
397  0.309649     0.630740     8.356420  1.240157
398  0.305710     0.633314     8.356420  1.240157
399  0.314615     0.626951     8.356420  1.240157
400  0.310746     0.633926     8.333782  1.298560
401  0.305419     0.637467     8.333782  1.298560
402  0.311583     0.633200     8.333782  1.298560
403  0.308161     0.636421     8.330125  1.307995
404  0.308620     0.635920     8.330125  1.307995
405  0.315392     0.631346     8.330125  1.307995
406  0.304319     0.639344     8.329154  1.310498
407  0.313891     0.632347     8.329154  1.310498
408  0.308110     0.636555     8.329154  1.310498
409  0.311839     0.633972     8.329023  1.310837
410  0.312992     0.633448     8.329023  1.310837
411  0.311423     0.633891     8.329023  1.310837
412  0.304941     0.639022     8.328982  1.310943
413  0.313851     0.631946     8.328982  1.310943
414  0.311665     0.633836     8.328982  1.310943
415  0.312609     0.633374     8.328964  1.310990
416  0.312779     0.633337     8.328964  1.310990
417  0.309658     0.635863     8.328964  1.310990
418  0.312592     0.633347     8.328961  1.310997
419  0.307413     0.636787     8.328961  1.310997
420  0.312192     0.633561     8.328961  1.310998
421  0.312879     0.633241     8.328959  1.311002
422  0.305897     0.638312     8.328959  1.311002
423  0.313476     0.632556     8.328959  1.311002
424  0.308675     0.636955     8.328958  1.311004
425  0.305713     0.638496     8.328958  1.311004
426  0.308153     0.636420     8.328958  1.311004
427  0.313197     0.632741     8.328959  1.311004
428  0.309202     0.635508     8.328959  1.311004
429  0.306352     0.637882     8.328959  1.311004
430  0.312391     0.633157     8.328958  1.311004
431  0.313322     0.632923     8.328958  1.311004
432  0.307551     0.636942     8.328958  1.311004
433  0.307802     0.636821     8.328958  1.311004
434  0.313349     0.633319     8.328958  1.311004
435  0.306541     0.637804     8.328958  1.311004
436  0.306030     0.638565     8.328958  1.311004
437  0.311468     0.634235     8.328958  1.311004
438  0.312711     0.633869     8.328958  1.311004
439  0.313570     0.632013     8.328958  1.311004
440  0.304402     0.639828     8.328958  1.311004
441  0.310934     0.634407     8.328958  1.311004
442  0.309190     0.636082     8.328958  1.311004
443  0.308089     0.636552     8.328958  1.311004
444  0.317474     0.629798     8.328958  1.311004
445  0.307984     0.637140     8.328958  1.311004
446  0.303575     0.640253     8.328958  1.311004
447  0.309739     0.635710     8.328958  1.311004
448  0.303531     0.639891     8.328959  1.311003
449  0.308186     0.637161     8.328959  1.311003
450  0.304586     0.639461     8.328959  1.311003
451  0.308297     0.636425     8.328959  1.311003
452  0.315348     0.631491     8.328959  1.311003
453  0.306891     0.637459     8.328959  1.311003
454  0.312351     0.633840     8.328959  1.311003
455  0.312633     0.633492     8.328959  1.311003
456  0.310619     0.634745     8.328959  1.311003
457  0.313893     0.632266     8.328959  1.311003
458  0.310621     0.635292     8.328959  1.311003
459  0.308471     0.636711     8.328959  1.311003
460  0.312553     0.633237     8.328959  1.311003
461  0.306819     0.637264     8.328959  1.311003
462  0.310916     0.634925     8.328959  1.311003
463  0.310302     0.635181     8.328959  1.311003
464  0.310748     0.634900     8.328959  1.311003
465  0.310090     0.635338     8.328959  1.311003
466  0.306876     0.637740     8.328959  1.311003
467  0.308877     0.636100     8.328959  1.311003
468  0.316021     0.630663     8.328959  1.311003
469  1.972620    -0.057471     2.175915 -1.675647
470  1.721179     0.421399     7.512200  2.998086
471  1.266653     0.567290     3.129149  1.311003
472  1.718514    -0.057229     8.328959 -0.590014
473  0.481142     0.509297     3.104585  0.326256
474       NaN          NaN     0.766136  2.448669
475  0.823123     0.307104     9.227663  0.326256
476  0.872661     0.531370     9.227663  2.265232
477  2.475475     0.357693     2.804494  1.696273
478  1.502896     0.002664     5.249247 -0.302419
479  1.231779     0.162877     0.588055 -0.302419
480  0.914565     0.258371     0.588055  0.156908
481  2.113057    -0.014432     8.694871 -1.718128
482  0.601237     0.434367     5.153225  0.354867
483  0.472631     0.515033     3.261820  0.354867
484  0.485278     0.506583     3.261820  0.340641
485  2.256863    -0.026664     4.690828 -2.369121
486  3.940560    -0.044077     0.725913  0.981917
487  0.895970     0.271725     0.780017  0.340641
488  1.869446    -0.046688     0.780017 -1.961584
489       NaN          NaN     0.751750  1.597989
490  1.585216    -0.010455     0.632168 -1.468517
491  0.830801     0.302817     7.593459  0.340641
492  1.087091     0.176320     7.593459  0.154333
493  0.310633     0.626598     7.723907  1.106066
494  1.981727     0.357812     0.999161  2.967430
495  0.289066     0.649042     6.029540  1.106066
496  1.805760    -0.055754     6.029540 -1.044726
497  0.287794     0.649680     6.029540  1.106066
498  0.285070     0.652188     6.029540  1.106066
499  0.287258     0.650554     6.029540  1.106066
500  1.312644     0.458040    10.000000  3.000000
501  1.373006     0.443898    10.000000  3.000000
502  1.357053     0.450639    10.000000  3.000000
503  0.290915     0.650357     6.098906  1.139154
504  0.292196     0.649129     6.098906  1.139154
505  0.287982     0.652244     6.098906  1.139154
506  0.286166     0.651583     6.052209  1.116879
507  0.289213     0.649301     6.052209  1.116879
508  0.280460     0.656605     6.052209  1.116879
509  0.285090     0.652234     6.037506  1.109866
510  0.287446     0.650242     6.037506  1.109866
511  0.286479     0.650899     6.037506  1.109866
512  0.286940     0.651125     6.033525  1.107967
513  0.283576     0.653219     6.033525  1.107967
514  0.286319     0.651308     6.033525  1.107967
515  0.281910     0.654317     6.030311  1.106434
516  0.287856     0.649636     6.030311  1.106434
517  0.285999     0.651439     6.030311  1.106434
518  0.286048     0.651116     6.029964  1.106268
519  0.282290     0.654091     6.029964  1.106268
520  0.292956     0.645977     6.029964  1.106268
521  0.281855     0.654513     6.029670  1.106128
522  0.288999     0.649182     6.029670  1.106128
523  0.288363     0.649155     6.029670  1.106128
524  0.282186     0.654528     6.029613  1.106100
525  0.285463     0.651969     6.029613  1.106100
526  0.286218     0.651019     6.029613  1.106100
527  0.287072     0.650550     6.029579  1.106084
528  0.281154     0.655409     6.029579  1.106084
529  0.286015     0.651532     6.029579  1.106084
530  0.283455     0.653420     6.029545  1.106068
531  0.283345     0.653645     6.029545  1.106068
532  0.287932     0.649699     6.029545  1.106068
533  0.291100     0.646968     6.029546  1.106066
534  0.285049     0.652156     6.029546  1.106066
535  0.291504     0.647054     6.029546  1.106066
536  0.284739     0.651960     6.029546  1.106068
537  0.286431     0.651473     6.029546  1.106068
538  0.286840     0.650586     6.029546  1.106068
539  0.285324     0.651961     6.029545  1.106068
540  0.285378     0.651807     6.029545  1.106068
541  0.286362     0.651229     6.029545  1.106068
542  0.285512     0.651841     6.029545  1.106068
543  0.286995     0.650668     6.029545  1.106068
544  0.281311     0.655168     6.029545  1.106068
545  0.285963     0.651519     6.029545  1.106068
546  0.284774     0.652298     6.029545  1.106068
547  0.288932     0.648746     6.029545  1.106068
548  0.287121     0.650289     6.029545  1.106068
549  0.287246     0.650400     6.029545  1.106068
550  0.286997     0.650267     6.029545  1.106068
551  0.284939     0.652294     6.029545  1.106068
552  0.291775     0.646981     6.029545  1.106068
553  0.283120     0.653876     6.029545  1.106068
554  0.284244     0.652671     6.029545  1.106068
555  0.285421     0.651812     6.029545  1.106068
556  0.286807     0.650709     6.029545  1.106068
557  0.285203     0.651939     6.029545  1.106068
558  0.285204     0.651892     6.029545  1.106068
559  0.286082     0.651055     6.029545  1.106068
560  0.290114     0.648274     6.029545  1.106068
561  0.290036     0.647842     6.029545  1.106068
562  0.289462     0.648827     6.029545  1.106068