error: 0.67 | highest correlation: nan
best global temp: 9.173850621504476 | best alpha: 1.031735971570015 | best average temperature: 2.24
time scale: <class 'ising.Jij_sorted_ising'> | partial correlation: False

        error  correlation  global temp     alpha
0    0.841584     0.297651     4.228518  1.321947
1    3.159764     0.087770     3.288842  2.762276
2    2.271320     0.002613     3.521288 -2.105277
3    2.140754     0.006101     2.971673 -2.105277
4    2.817234    -0.024759     2.971673  0.879673
5    2.192320     0.014592     9.877176 -1.385908
6    2.212423     0.024135     3.486486 -2.223276
7    2.640513     0.000883     8.549263 -2.223276
8    1.754086     0.007747     8.549263 -0.732695
9    1.287173     0.092247     8.622038  0.314615
10   2.030013    -0.013502     0.421119 -2.592264
11   2.790463    -0.016185     6.209426 -2.592264
12   1.410098     0.048763     6.209426 -0.057219
13   2.612669     0.156741     9.785928  2.773674
14   1.704275    -0.013828     5.756635 -0.574320
15   1.568142    -0.002096     2.663596 -0.574320
16   2.185684    -0.035478     2.663596 -1.907092
17   2.533465    -0.036777     5.271616 -1.906842
18   2.772348    -0.034815     6.011369 -2.634636
19   2.751380    -0.024179     8.408586 -2.634636
20   2.303676    -0.028785     8.408586 -1.541172
21   2.273870    -0.032356     1.654415 -2.373139
22   2.798155    -0.023011     8.747997 -2.779557
23   2.808422    -0.019976     7.458425 -2.779557
24   1.203115     0.125598     7.458425  0.402462
25   3.433001     0.046860     2.850916  2.994953
26   2.879846     0.051226     1.577789  1.156815
27   0.741861     0.362360     7.460048  1.156815
28   1.539264     0.012187     7.460048 -0.137765
29   1.293042     0.098516     2.248258  1.124590
30        NaN          NaN     1.362960  2.422434
31   0.714398     0.367860     8.610591  1.124590
32   2.274189     0.195625     8.610591  2.014729
33   2.617060     0.129779     5.790907  2.893175
34   2.293060     0.003502     3.121474 -2.212191
35   2.258340     0.002582     4.172330 -2.212191
36   2.030472     0.006372     4.172330 -1.544145
37   1.962291     0.005369     0.104001 -0.812474
38   3.291655     0.106188     2.179909  2.377700
39   2.428278     0.180641     9.834993  2.377700
40   0.953555     0.312966     9.834993  2.838444
41   1.326913     0.074820     7.354625  0.285249
42   1.055298     0.284660     8.940364  2.774384
43   3.011956     0.099239     3.437770  2.774384
44   2.258584     0.015070     3.437770 -2.223006
45   1.159740     0.234241     5.410067  2.050663
46   1.168126     0.164276     3.742380  1.409578
47   1.749908     0.075684     3.095312  1.409578
48   3.031096     0.092898     3.095312  2.605432
49   0.845271     0.291596     6.898288  0.700919
50   2.034679    -0.002176     5.019675 -1.407189
51   2.147140    -0.014250     8.385087 -1.407189
52   2.437225    -0.028781     8.385087 -1.676243
53   2.393318    -0.021891     9.466648 -1.840883
54   0.960637     0.234246     6.571936  0.550183
55   1.175121     0.135116     1.570025  0.550183
56   1.670251    -0.014907     1.570025 -0.132358
57   1.030241     0.266143     4.172886  0.872330
58   1.151222     0.361803     4.560420  1.064358
59   0.913992     0.257789     2.976468  1.064358
60   1.869375     0.048494     2.976468  0.894775
61   2.726585     0.155974     9.041131  2.411314
62   1.087951     0.175856     8.706607  0.547599
63   1.064105     0.188712     3.668991  0.547599
64   1.666132     0.163474     3.668991  0.905500
65   2.357102     0.184969     9.776208  2.253058
66   1.649195    -0.019071     2.984243 -0.635491
67   1.806761    -0.033196     8.706657 -0.635491
68   1.195836     0.236340     8.706657  2.787588
69   2.215847     0.187996     8.290090  2.127391
70   1.705363    -0.023706     5.737698 -0.555311
71   1.832800    -0.041897     8.570047 -0.555311
72   2.708901    -0.025427     8.570047 -2.242976
73   1.472263     0.029803     9.554839  0.077849
74   2.593145    -0.007925     8.240334 -2.296080
75   1.572244     0.003937     0.769972  0.077849
76   1.434966     0.030128     0.769972 -0.139997
77   2.241278    -0.023598     9.068004 -1.429037
78   2.445045    -0.027342     2.198981 -2.849759
79   1.575654    -0.008356     6.479729 -0.139997
80   2.638930     0.170933     6.479729  1.790948
81   0.672120     0.387189     9.173851  1.031736
82   1.352753     0.066586     9.526296  0.323351
83   0.738902     0.367077     6.083347  1.031736
84   0.695511     0.377547     6.083347  0.945177
85   3.395999     0.061340     1.947045  2.214086
86   1.504197     0.013100     5.648994 -0.079569
87   1.017105     0.302748     4.388979  0.945177
88   1.549700    -0.000787     4.388979 -0.285796
89   0.804952     0.346395     6.629799  1.168607
90   0.869314     0.279208     5.791172  0.647786
91   1.154319     0.166988     3.558104  0.647786
92   1.349154     0.139828     3.558104  0.764831
93   0.983361     0.317300     9.928756  1.643461
94   2.325429     0.011332     7.323316 -2.012343
95   1.068435     0.320398     9.099202  1.643461
96   1.074462     0.182388     9.099202  0.512571
97   2.706581     0.015096     8.270019 -2.656162
98   2.507082     0.113342     5.458054  2.988270
99   0.982883     0.223839     6.104097  0.512571
100  1.789178    -0.028073     6.104097 -0.792087
101  2.529244    -0.032244     2.748799 -2.563366
102  1.461561     0.272503     8.663655  1.748191
103  1.503752     0.045579     2.853375  0.512571
104  2.203830     0.201037     6.104097  1.573074
105  1.844182    -0.021280     4.594172 -1.192751
106  1.868197    -0.030355     4.885356 -0.939688
107  3.051355    -0.057083     0.420071  0.512571
108  2.057048    -0.012237     6.104097 -1.201996
109  1.861238     0.229794     8.910825  1.936450
110  1.498569     0.014008     4.412657 -0.138224
111  1.199019     0.134255     3.314936  0.512571
112  2.251724     0.087025     3.314936  1.652659
113  2.041492     0.025680     1.113141 -2.390661
114  0.866316     0.337869     7.009389  1.268933
115  0.872051     0.346783     6.856910  1.268933
116  1.706047     0.001200     6.856910 -0.659491
117  2.307361    -0.000865     7.185485 -1.946988
118       NaN          NaN     0.253914  2.747035
119  0.748324     0.355561     9.951599  1.268933
120  0.772208     0.330828     9.951599  0.956608
121  1.303942     0.083667     6.560777  0.302683
122  1.795762    -0.014606     6.056750 -0.684783
123  1.902206     0.165173     3.700089  0.956608
124  0.863239     0.341135     9.951599  1.558352
125  2.114961    -0.020869     1.362342 -2.016823
126  0.958649     0.327623     9.447104  1.596523
127  2.640183     0.102539     2.478591  1.596523
128  2.025510    -0.000177     9.447104 -1.191974
129  1.460748     0.036870     2.490399  0.275959
130  1.118803     0.307646     9.682974  1.716377
131  1.615960     0.258770     7.241149  1.596523
132  2.706178     0.011733     9.447104 -2.386054
133  1.363577     0.209214     5.623009  2.122930
134  2.094290     0.015797     7.802502 -1.549007
135       NaN          NaN     1.152559  1.596523
136  2.422315     0.001949     9.447104 -1.935624
137  1.425758     0.219846     6.940898  2.697330
138  2.297942     0.183592     5.355463  1.463525
139  2.802038     0.130681     2.075876  1.596523
140  1.257874     0.103888     9.447104  0.373382
141  1.735271     0.011053     1.804697 -1.371032
142  1.826434     0.179567     5.021712  2.642220
143  1.361631     0.192385     3.530144  1.596523
144  2.615242     0.170659     9.447104  2.478061
145  1.493192     0.305915     4.214062  1.055060
146  1.850080     0.086992     2.078862  1.205784
147  1.183354     0.292891     8.527169  1.596523
148  2.163567     0.000951     9.447104 -1.332538
149  1.730141    -0.020407     1.353375  0.060293
150  2.223476     0.200417     5.835101  1.498356
151  1.134849     0.227943     3.869649  1.596523
152  1.776450    -0.008935     9.447104 -0.613882
153       NaN          NaN     0.827564  1.832926
154  1.389043     0.046873     0.705003 -0.491469
155  1.331219     0.281941     7.848386  1.596523
156  0.948813     0.327202     9.447104  1.587785
157  1.075020     0.310595     8.042277  1.520695
158  1.313762     0.245295     8.253340  2.970918
159  2.326638     0.094664     2.862061  1.587785
160  1.890349     0.004185     9.447104 -1.030030
161  0.713008     0.363104     9.872046  0.970428
162  3.677468     0.028774     1.607002  1.632095
163  1.540142     0.242522     3.912820  0.970428
164  2.836556    -0.007330     9.872046 -2.971387
165  0.726100     0.361862     8.526830  1.126672
166  1.797075    -0.012303     7.836750 -0.652283
167  0.741404     0.355745     8.062168  1.126672
168  1.573647    -0.003415     8.062168 -0.077059
169  1.875437    -0.042026     1.450389 -1.299536
170  2.916150    -0.037734     0.212821  0.182565
171  1.964456     0.068107     1.844783  1.126672
172  0.949816     0.310040     8.062168  2.548045
173  0.771024     0.332215     9.176121  1.003399
174  2.097701    -0.013944     9.706533 -1.213450
175  2.047680     0.220680     3.611613  1.003399
176  2.130036    -0.014403     9.176121 -1.224703
177  2.189304     0.204621     6.132850  1.619414
178  1.013758     0.208962     7.010303  0.552044
179  0.709622     0.366209     7.818536  1.003399
180  1.715978     0.007754     7.818536 -0.714242
181  2.211345    -0.013437     3.416381 -1.899527
182  2.524150    -0.017189     3.389198 -2.676186
183  0.829329     0.356489     4.949210  1.003399
184  0.880318     0.339731     7.818536  1.375024
185  2.224569     0.000452     1.245431 -2.483934
186       NaN          NaN     0.102877  2.406230
187  0.692895     0.375026     8.455720  1.003399
188  1.853469    -0.011216     8.455720 -0.869932
189  1.628213    -0.019265     6.268661 -0.288201
190  2.427325     0.183900     8.787110  2.148408
191  0.719242     0.363901     6.916758  1.003399
192  2.998246     0.137487     6.916758  2.171909
193  2.235489     0.025006     3.048425 -2.413049
194  1.899849    -0.002558     5.478906 -1.051815
195  0.714220     0.382555     5.723612  1.003399
196  1.068063     0.273322     5.723612  1.988045
197  1.567192     0.004423     1.985268  0.036602
198  2.877871     0.105917     3.437911  2.708886
199  0.849412     0.350581     4.882789  1.003399
200  2.047529     0.134600     5.723612  2.904307
201  2.629640     0.012532     5.398095 -2.869559
202  1.940012     0.001637     3.697666 -1.455653
203  3.737772     0.014917     1.049794  1.003399
204  2.640483    -0.007224     5.723612 -2.967320
205  1.801199    -0.007850     6.839353 -0.817357
206  1.718217     0.265203     3.832715  1.008087
207  0.945661     0.241405     2.785463  1.003399
208  1.155721     0.144527     5.723612  0.379162
209  2.310302    -0.012920     2.817586 -2.395870
210  1.831391     0.000381     0.161483 -0.716437
211       NaN          NaN     0.439045  1.003399
212  2.486738     0.015406     5.723612 -2.542480
213  0.787025     0.356093     7.317085  1.227865
214  2.768296    -0.014360     6.094428 -2.933530
215       NaN          NaN     0.613218  1.003399
216  2.469226     0.118843     5.723612  2.932614
217  1.329720     0.070641     2.971213  0.110200
218  2.106887     0.192845     8.121135  2.227736
219  0.710694     0.368434     7.030133  1.003399
220  1.587525     0.197987     7.030133  2.784564
221       NaN          NaN     0.287001  2.973979
222  1.311168     0.074371     1.870829  0.878069
223  0.689450     0.379026     7.190051  1.003399
224  2.359912     0.014804     7.190051 -2.460919
225  2.272646     0.014603     3.758901 -2.073774
226       NaN          NaN     0.352876  1.744370
227  2.637715     0.154528     3.202237  1.003399
228  1.017309     0.207684     7.190051  0.568348
229  1.582903     0.100960     1.738392  1.078989
230  1.154946     0.144063     3.394785  0.318583
231  1.031156     0.338107     4.494082  1.003399
232  2.319552    -0.009803     7.190051 -1.706311
233  1.849873    -0.002829     3.001331 -1.373729
234  1.155034     0.145741     6.166518  0.350891
235  3.814212    -0.013012     0.942172  1.003399
236  2.573904     0.165010     7.190051  2.020288
237  1.777485     0.049068     0.777394 -2.235565
238  0.782779     0.360665     9.814879  1.461772
239  0.704584     0.374089     6.478584  1.003399
240  1.767994    -0.004040     7.190051 -0.769328
241  1.553921     0.090972     3.055038  1.344410
242  1.937689    -0.031914     1.559305  0.089454
243  0.946494     0.353528     4.601292  1.003399
244  1.509489     0.270296     7.190051  1.550888
245  1.420600     0.201851     5.658348  2.203096
246  1.761655     0.007489     7.516870 -0.624054
247  1.035547     0.198233     2.782698  1.003399
248  1.329443     0.074972     7.190051  0.239746
249  1.177531     0.277309     8.415649  2.838658
250  2.500543     0.003703     7.806957 -2.271846
251  1.645253     0.262971     3.846795  1.003399
252  1.640658    -0.011078     7.190051 -0.369609
253  1.762246     0.117623     3.369620  1.597659
254  2.934247     0.120462     2.304859  1.998896
255  0.827542     0.365487     4.973526  1.003399
256  1.935815     0.228496     7.190051  1.669111
257  1.871586     0.146181     7.270069  2.958197
258  2.278748     0.112507     4.545619  2.158296
259       NaN          NaN     1.010449  1.003399
260  2.448135     0.179186     7.190051  1.870080
261  1.325393     0.077247     8.023047  0.254620
262  3.873426    -0.001194     1.681995  2.525513
263  0.823956     0.304016     9.878738  1.003399
264  2.744927    -0.018987     7.190051 -2.744667
265  1.602183     0.261991     7.771730  1.688843
266  3.317623     0.080917     1.669389  1.638464
267  1.066518     0.184065     2.682755  1.003399
268  1.644887    -0.029030     7.190051 -0.168768
269  1.732773    -0.013159     0.468134 -0.225568
270  2.101805    -0.021360     4.575467 -1.525426
271  1.079718     0.342992     4.380421  1.003399
272  2.290844     0.198106     7.190051  1.817723
273  1.420155     0.033481     1.180787  0.452911
274  1.746564    -0.044936     3.890195 -0.711963
275  1.862335    -0.011637     1.503519  1.003399
276  1.683522     0.177766     7.190051  2.948426
277  2.602238     0.160877     6.050840  1.654598
278  1.523949     0.008851     3.186945 -0.373912
279  0.759086     0.338998     8.739211  1.003399
280  0.896895     0.330404     7.190051  1.313889
281       NaN          NaN     0.336585  2.346170
282  3.873426    -0.001194     1.055771  1.958933
283  0.677039     0.386447     7.299941  1.003399
284  2.618165    -0.020452     7.299941 -2.367133
285  1.696608    -0.015555     2.627972 -0.929639
286  1.934080    -0.024151     3.349479 -1.334171
287  2.263202     0.199560     3.476398  1.003399
288  2.230963     0.000588     7.299941 -1.677936
289  1.863569    -0.014418     3.059102 -1.261397
290  1.957843    -0.025279     3.388988 -1.439798
291  3.852848     0.003956     0.966438  1.003399
292  2.150083    -0.007239     7.299941 -1.463195
293  2.428276    -0.007456     1.584706 -2.829398
294  0.692952     0.377707     6.570639  0.965575
295  0.743495     0.346366     9.045909  0.965575
296  2.140024    -0.022873     6.570639 -1.523377
297  1.729116    -0.028098     1.065569 -0.584160
298  1.569332    -0.006478     7.007697 -0.131759
299  2.141775     0.155606     3.505720  0.965575
300  0.909482     0.305758     6.570639  2.117653
301  1.664075    -0.007903     1.200912 -1.092520
302  1.853056    -0.015622     3.074613 -1.103877
303  0.726189     0.357536     7.213172  0.965575
304  2.042156    -0.002748     6.570639 -1.287111
305  2.895916    -0.017230     6.862797 -2.955428
306  3.278750     0.080004     2.462395  2.844509
307  0.705903     0.369769     6.793612  0.965575
308  2.026528     0.003578     6.793612 -1.372814
309  1.129080     0.157111     6.321429  0.372788
310  2.193316    -0.002379     2.651696 -2.051326
311  3.975773    -0.026610     0.888218  0.965575
312  2.576636     0.008822     6.793612 -2.785245
313  2.281145     0.008059     6.436571 -1.887767
314  2.010401     0.210065     8.674039  2.011135
315  0.733276     0.352855     7.621076  0.965575
316  2.142187     0.204530     6.793612  1.676018
317  0.785535     0.350900     9.466524  1.381897
318  3.581513     0.054639     1.442411  1.410785
319  0.717573     0.360278     9.301180  0.965575
320  1.591958    -0.012364     9.301180 -0.011292
321  2.009843    -0.008372     1.440048 -2.280531
322  3.294617     0.109550     5.858564  2.408606
323  0.786579     0.323491     9.515862  0.965575
324  2.057576    -0.008918     9.301180 -1.208570
325  1.322573     0.076534     6.691415  0.242962
326  2.497450    -0.020686     3.360719 -2.657988
327  0.983197     0.329105     4.384974  0.965575
328  2.744718    -0.005693     9.301180 -2.955445
329  1.692148    -0.006736     0.605348 -1.268914
330  0.770275     0.347259     4.865876  0.870375
331  0.751466     0.354595     5.641139  0.965575
332  2.803719     0.147858     9.301180  2.700660
333  1.820230    -0.033720     6.870841 -0.677696
334  0.914443     0.256788     5.241511  0.505973
335  0.680759     0.389426     5.785566  0.965575
336  2.421801     0.117460     5.785566  2.907794
337  1.758317    -0.008834     0.915781 -1.731749
338  1.543298     0.014318     8.649718 -0.192302
339  0.675323     0.386328     6.622737  0.965575
340  1.727337    -0.014609     6.622737 -0.541259
341  1.658027    -0.013656     4.789594 -0.597846
342  2.664065    -0.028464     5.917331 -2.365208
343  0.737561     0.358524     5.972807  0.965575
344  2.337195    -0.012821     6.622737 -2.015246
345  1.765049    -0.024299     1.560611 -1.425533
346       NaN          NaN     0.550167  1.270729
347  2.412007     0.138476     3.320885  0.965575
348  2.791621     0.144908     6.622737  2.186273
349       NaN          NaN     0.966739  1.742611
350  1.365700     0.062032     9.112790  0.230940
351  0.719863     0.359250     9.536298  0.965575
352  1.554619     0.009391     6.622737 -0.219840
353  0.923777     0.302799     6.593292  2.179919
354  2.469055     0.014472     4.833925 -2.736450
355  0.741701     0.347337     9.369264  0.965575
356  0.692746     0.375227     6.622737  0.898256
357  2.321764    -0.014807     7.958302 -1.851618
358  1.101157     0.168870     5.356633  0.386290
359  1.009842     0.325444     4.335790  0.965575
360  1.712384     0.167431     6.622737  2.804215
361  2.431145     0.025715     9.025052 -2.488520
362  1.455101     0.026636     3.021227 -0.231619
363  0.779398     0.352986     5.164147  0.965575
364  2.232458    -0.000858     6.622737 -1.780351
365  1.524035     0.187682     4.156554  1.818970
366  1.473034     0.023047     5.018373 -0.115404
367  0.754584     0.369237     5.133168  0.965575
368  1.605808    -0.016508     6.622737 -0.153674
369  2.461842    -0.022515     3.177759 -2.316805
370  2.326336     0.181389     6.603416  1.754986
371  1.862729     0.187066     3.716840  0.965575
372  2.746946    -0.007328     6.622737 -2.982880
373  1.804329    -0.013900     2.636356 -1.254561
374  0.895522     0.341932     5.911659  1.154497
375  0.807932     0.311914     9.858441  0.965575
376  1.729084    -0.021605     6.622737 -0.665525
377  1.613068     0.161776     3.994813  1.820923
378  1.745918    -0.031028     0.913428 -0.778453
379       NaN          NaN     0.720022  0.965575
380  2.558539     0.008646     6.622737 -2.582797
381  2.162117     0.007010     7.159317 -1.497214
382  2.054014     0.024569     0.990012 -2.629365
383  3.369411     0.010850     2.786099  0.965575
384  3.207949     0.115048     6.622737  2.492515
385  1.337975     0.278474     9.786110  1.827338
386  1.905417    -0.008412     2.120309 -1.443148
387  1.287682     0.083866     1.928694  0.965575
388  1.651724    -0.024112     6.622737 -0.283745
389  1.655009    -0.028483     4.776487 -0.449043
390  2.073097    -0.012374     4.628059 -1.477154
391  0.836682     0.296576     3.141096  0.965575
392  1.384987     0.218729     6.622737  2.498465
393  2.451414     0.006434     3.804840 -2.696710
394  2.054730    -0.031392     1.237163 -0.001020
395  0.698700     0.371947     7.800079  0.965575
396  2.073535    -0.014201     6.622737 -1.202310
397  1.417547     0.040300     2.415812 -0.270955
398       NaN          NaN     0.265244  1.034947
399  3.183754     0.035843     2.881471  0.965575
400  1.472842     0.213074     6.622737  2.545342
401  3.093394     0.137404     3.597258  1.250952
402  1.628416    -0.004920     7.318087 -0.392877
403       NaN          NaN     0.919822  0.965575
404  2.049736     0.000595     6.622737 -1.405983
405  2.626160    -0.000935     6.632151 -2.336653
406  1.187223     0.130670     3.865831  0.205129
407  1.248968     0.282740     4.155694  0.965575
408  2.606262     0.003216     6.622737 -2.543746
409  0.789692     0.320821     7.836911  0.782871
410  0.944772     0.348747     4.990121  1.074015
411  1.210276     0.299283     4.120363  0.965575
412  2.078085    -0.020187     6.622737 -1.169873
413       NaN          NaN     0.536374  1.904446
414  3.918117    -0.021158     1.412774  1.586430
415  0.714178     0.362356     9.746001  0.965575
416  1.149177     0.230185     6.622737  2.231810
417  2.037181     0.029094     1.246514 -2.375316
418  1.324151     0.285768     9.951365  1.836478
419  2.048859     0.046400     1.304795  0.965575
420  1.033686     0.274499     6.622737  2.309624
421  1.893490     0.017754     6.971542 -1.288359
422  2.235409     0.199302     4.099067  1.168532
423  0.692953     0.375313     7.816200  0.965575
424  2.615333    -0.012777     6.622737 -2.467488
425  1.971374    -0.024186     7.221421 -1.001845
426  2.022392     0.072556     2.048760  1.226522
427  0.723458     0.358520     7.414246  0.965575
428  1.868557     0.233639     6.622737  1.571241
429       NaN          NaN     0.475613  2.789630
430  2.369891     0.002703     5.100140 -2.045091
431       NaN          NaN     0.900552  0.965575
432  1.647073    -0.011990     6.622737 -0.359841
433  1.451572     0.025184     0.935299  0.097422
434  0.789629     0.320892     7.556618  0.830646
435  0.724190     0.357066     9.113699  0.965575
436  2.432874     0.018205     6.622737 -2.431071
437  3.924674    -0.013962     0.224155  0.604843
438  1.491669     0.209852     7.965656  2.942929
439  0.700179     0.373008     6.900513  0.965575
440  2.094863     0.215576     6.622737  1.627350
441  2.733325     0.103193     3.343339  2.220725
442  1.915681     0.000034     5.149556 -1.178449
443  2.866135     0.030890     2.921341  0.965575
444  1.715440     0.244459     6.622737  1.529607
445  2.074569     0.209738     8.048888  1.851639
446  1.114463     0.161990     3.526533  0.364472
447  0.726719     0.363935     6.083307  0.965575
448  2.284250    -0.000608     6.622737 -1.689698
449  1.296048     0.222756     4.984035  2.012022
450  2.502503    -0.005813     6.736723 -2.437570
451  0.929227     0.329406     4.576111  0.965575
452  1.675081     0.188135     6.622737  2.892409
453  1.339177     0.281778     9.004838  1.735286
454  2.533259     0.009169     5.310549 -2.346306
455  0.829619     0.351722     4.819465  0.965575
456  2.284923    -0.015652     6.622737 -1.791268
457  2.587424    -0.006202     2.387575 -2.978208
458  3.365751     0.088502     1.890044  2.274802
459  1.270059     0.091934     2.071709  0.965575
460  1.674162     0.252678     6.622737  1.514108
461       NaN          NaN     0.311328  1.083699
462  2.336842     0.016488     6.561253 -2.025039
463  1.681389    -0.034629     1.560834  0.965575
464  2.300555     0.000218     6.622737 -1.778994
465  3.391352     0.057132     2.609930  2.608597
466  2.690246     0.001209     7.725464 -2.766877
467  1.389977     0.041141     2.087015  0.965575
468  3.035485     0.133305     6.622737  2.149224
469  1.683388    -0.005425     0.677789 -1.412200
470  1.763911    -0.020475     1.507161 -0.062102
471  0.766383     0.358576     5.249266  0.965575
472  0.731056     0.358783     6.622737  0.990568
473  2.701885     0.115601     4.579728  2.734581
474  0.836307     0.296526     9.725567  0.815146
475  0.778899     0.327495     9.088557  0.965575
476  2.772614     0.012807     6.622737 -2.958176
477  3.028082     0.095829     2.490655  2.080167
478  1.538270     0.029347     2.716142  0.448055
479  0.870079     0.355964     4.610873  0.965575
480  2.687706    -0.031072     6.622737 -2.728003
481  2.757273     0.151177     6.032298  1.816318
482  1.767343    -0.031510     2.787346 -0.994913
483  0.728206     0.366552     5.576083  0.965575
484  2.137620    -0.023146     6.622737 -1.229534
485  2.312884    -0.019659     1.970338 -2.637888
486  2.327260    -0.032163     2.034065 -2.462322
487  0.765232     0.334601     9.295826  0.965575
488  0.863387     0.326442     6.622737  2.072650
489  1.369845     0.052722     0.852603 -0.298918
490  2.018119    -0.026301     3.338123 -1.407656
491  2.726478     0.050622     1.196086  0.965575
492  2.608712     0.167317     6.622737  1.800340
493  1.093924     0.172189     2.069154  0.714822
494  1.179194     0.135551     6.271666  0.349409
495  0.683068     0.379896     8.281396  0.965575
496  1.721289    -0.033496     6.622737 -0.442997
497  0.949232     0.239869     4.092451  0.551521
498       NaN          NaN     0.943080  1.622642
499  0.767250     0.362001     5.117908  0.965575