error: 0.71 | highest correlation: nan
best global temp: 8.101953355282472 | best alpha: 1.545856386423111 | best average temperature: 1.30
time scale: <class 'ising.random_ising'> | partial correlation: True

        error  correlation  global temp     alpha
0    1.432531    -0.002134     5.046576 -2.540582
1    0.723167     0.333086     9.616960  1.429803
2    0.760570     0.311481     6.576578  1.389421
3    0.769768     0.306169     5.986490  1.389421
4    1.368602     0.024242     5.986490 -1.027189
5    0.813892     0.283209     7.267238  1.146731
6    1.385245     0.017336     8.930574 -2.328353
7    1.360278     0.027788     5.891454 -2.328353
8    0.814554     0.281810     5.891454  1.446010
9    1.352051     0.031203     7.316308 -1.329136
10   0.846161     0.265030     6.353128  1.607684
11   0.804028     0.287503     7.271088  1.607684
12   1.333572     0.039148     7.271088 -2.488247
13   1.211990     0.091666     0.966242 -0.180149
14   1.353788     0.030598     7.256004 -1.690387
15   1.331471     0.039908     3.173171 -1.690387
16   1.211625     0.092295     3.173171  1.191687
17   1.098587     0.142376     1.569973 -0.148591
18   2.059419     0.020229     4.056481  1.879536
19   1.616118     0.137404     4.365868  1.879536
20   1.399694     0.011346     4.365868 -2.928591
21   1.422775     0.000684     2.175085  2.969113
22   1.055213     0.162596     7.117020  0.703512
23   1.102834     0.140483     8.614187  0.703512
24   1.134185     0.126110     8.614187  0.610621
25   1.156720     0.116243     1.221747 -1.681819
26        NaN          NaN     1.309983  1.536782
27   1.396810     0.012574     8.795009 -1.681819
28   1.426593     0.000285     8.795009 -1.710964
29   1.394406     0.013465     6.524838 -2.135548
30   1.347558     0.076080     2.203925  1.196624
31   1.058296     0.160751     3.741305  1.196624
32   2.770439     0.107492     3.741305  2.357244
33   1.193488     0.099417     7.856558  0.363124
34   0.785470     0.297472     6.467529  1.500807
35   0.930692     0.222116     5.489858  1.500807
36   1.397248     0.135550     5.489858  2.273868
37        NaN          NaN     0.704216  1.223020
38   1.398088     0.012051     6.693625 -1.884592
39   1.448382    -0.008451     6.890009 -1.884592
40   1.308218     0.049803     6.890009 -1.384304
41   1.300449     0.052841     5.767711 -0.805608
42   1.012502     0.182271     2.791810  0.616537
43   1.099183     0.142212     7.229012  0.616537
44   1.357475     0.028950     7.229012 -1.169914
45   1.363418     0.026441     9.408835 -1.854842
46   1.251170     0.074168     6.293021 -0.082929
47   1.296452     0.054577     4.957010 -0.082929
48   1.282141     0.060889     4.957010 -1.122631
49   0.748607     0.318731     7.554471  1.257333
50   1.002846     0.187304     5.076613  0.699084
51   1.117409     0.133557     6.904745  0.699084
52   1.294250     0.059748     6.904745  2.875573
53   1.620304     0.055978     3.504799  1.610275
54   1.402940     0.010075     6.484557 -1.389020
55   1.340251     0.036124     4.494196 -1.389020
56   1.829843     0.061232     4.494196  1.831905
57   1.190092     0.112385     7.426737  2.111505
58   1.334913     0.038498     6.543789 -2.539325
59   1.273995     0.064550     1.514775 -2.539325
60   1.129134     0.128436     1.514775  0.134595
61   1.262367     0.069436     2.026234 -1.451410
62   1.467319    -0.016136     9.385767 -2.462136
63   1.396077     0.012876     7.680560 -2.462136
64   1.121159     0.138195     7.680560  2.143497
65   0.930006     0.222880     8.696592  2.112181
66   1.401532     0.010686     6.730089 -2.645442
67   1.403635     0.009805     9.300982 -2.645442
68   1.058741     0.163763     9.300982  2.353765
69   0.809094     0.285738     7.143808  1.161650
70   1.506910    -0.000053     0.455992 -0.136514
71   1.095158     0.144030     2.482304 -0.136514
72   1.774224     0.003855     2.482304  1.458917
73   1.315180     0.046744     8.231297 -0.166704
74   1.297491     0.054303     3.634331 -1.328770
75   1.324161     0.043109     8.574843 -1.328770
76   0.713047     0.338191     8.574843  1.577529
77   1.406520     0.008550     6.698776 -1.859797
78   1.291588     0.056766     5.755345 -0.366353
79   1.258656     0.070842     3.770978 -0.366353
80   0.901993     0.237059     3.770978  0.741413
81   0.936142     0.219647     3.209531  0.743586
82   1.710327     0.020861     7.572910  2.205555
83   1.004730     0.186707     6.546382  0.743586
84   1.370651     0.023635     6.546382 -2.875224
85   0.747238     0.319002     9.784698  1.653099
86   1.219129     0.095623     6.102493  2.141889
87        NaN          NaN     0.928985  2.141889
88   1.284482     0.060026     6.102493 -1.151653
89   1.283267     0.060394     3.812652 -1.197552
90        NaN          NaN     0.273015  1.415559
91   1.391212     0.014947     7.115705 -1.197552
92   1.023110     0.177844     7.115705  0.763102
93   1.238366     0.079699     7.240805  0.153659
94   1.385246     0.022567     1.783805  1.665180
95        NaN          NaN     0.911757  1.665180
96   1.207636     0.093408     1.783805 -0.780722
97   1.907335     0.007075     3.893814  2.000331
98   1.441631     0.021765     0.182462 -1.361352
99   1.332733     0.039496     9.481504 -1.361352
100  1.436195    -0.003535     9.481504 -2.479678
101  0.874928     0.251384     6.905341  0.964927
102  1.172025     0.109186     7.498117  0.332772
103  1.192668     0.099911     7.652674  0.332772
104  0.751479     0.316814     7.652674  1.395793
105  1.336277     0.037785     3.327671 -2.560655
106  1.220987     0.087615     1.543345 -1.413536
107  0.775696     0.303721     9.059455  1.395793
108  0.935397     0.220586     9.059455  1.111004
109  1.462803    -0.014360     9.661471 -2.596521
110  1.003093     0.187266     4.028383  0.515015
111  1.136693     0.125013     7.116056  0.515015
112  1.466969     0.118296     4.028383  2.584897
113  1.030151     0.175025     5.531496  1.611100
114  1.220294     0.087609     9.988055  0.543642
115  3.945465    -0.037168     0.194193  0.543642
116  1.032747     0.173352     9.988055  0.933937
117  1.076578     0.152713     1.219415 -0.316932
118  1.259738     0.070569     2.019088 -0.966353
119  1.029978     0.174611     9.393064  0.933937
120  1.291299     0.057075     9.393064 -0.425842
121  1.281915     0.060887     4.123210 -0.679156
122  1.447174     0.023177     0.263771 -0.600780
123  1.257835     0.070660     1.748515  0.933937
124  1.298579     0.053871     9.393064 -0.555151
125  1.301448     0.052697     8.649059 -1.082450
126  0.848203     0.264341     4.295538  1.075777
127  1.550034     0.015193     1.794126  1.075777
128  1.171455     0.109336     4.295538  0.071212
129  1.338639     0.036635     8.347334 -0.019114
130  1.440709    -0.005328     9.713820 -2.745994
131  0.804964     0.287661     5.463699  1.075777
132  1.150235     0.118852     5.463699  0.278633
133  1.323669     0.043351     7.017060 -1.811168
134  1.281696     0.061232     8.448190 -0.837639
135  1.319427     0.044318     2.299644  1.075777
136  1.289345     0.073486     5.463699  1.773234
137  0.739616     0.322823     8.444192  1.692696
138  1.272010     0.065201     7.779536  0.084439
139  1.441644     0.065604     4.439217  1.692696
140  1.899843     0.066753     8.444192  2.863850
141  1.414747     0.005194     4.402026 -2.722654
142  1.295538     0.055269     9.379371 -1.540191
143  1.000042     0.188802     6.088661  1.692696
144  1.359044     0.028288     8.444192 -2.376526
145  3.697760     0.023640     1.302315  1.280086
146  2.150015     0.085476     3.595493  2.341833
147  1.957193     0.075851     3.142146  1.692696
148  1.432916    -0.002241     8.444192 -2.315894
149  2.442511     0.110984     3.590269  2.486791
150  1.358161     0.028775     3.169909 -2.778509
151  0.757785     0.312705     8.181704  1.692696
152  1.234649     0.081504     8.181704  0.194007
153  1.303369     0.051862     8.521414 -1.185159
154  1.322740     0.043481     5.972250 -0.595363
155       NaN          NaN     1.080033  1.692696
156  1.203068     0.095370     8.181704  0.286209
157  1.961229     0.039719     5.573136  2.852456
158  0.857779     0.259988     6.206378  1.033832
159  0.985738     0.195678     6.214668  1.692696
160  0.732859     0.326486     8.181704  1.695287
161  1.341881     0.035485     3.432082 -2.428084
162  1.228996     0.084168     1.685652 -2.908763
163  0.880919     0.247034     6.725653  1.695287
164  1.411183     0.006736     8.181704 -1.011258
165  1.123425     0.131033     2.726366 -0.008666
166  1.386304     0.016915     9.486132 -2.068486
167  1.245718     0.093512     4.991400  1.695287
168  1.356934     0.029093     8.181704 -0.916970
169  0.797740     0.290888     5.552973  1.388265
170       NaN          NaN     0.338927  1.024115
171  0.744633     0.320544     7.153705  1.388265
172  1.206986     0.093612     7.153705  0.117903
173  1.803416    -0.002663     4.853512  2.473025
174  1.364366     0.026056     9.637129 -1.779465
175  1.089217     0.146742     4.544044  1.388265
176  1.287208     0.058807     7.153705 -0.748888
177  1.409180     0.007669     8.913090 -2.861346
178  1.373737     0.021376     2.973358  2.556280
179       NaN          NaN     0.826224  1.388265
180  1.339822     0.036491     7.153705 -2.601443
181  1.453465    -0.012110     2.060567  2.094395
182  1.290139     0.057325     5.606507 -0.061540
183  2.581011     0.103564     2.088317  1.388265
184  0.761740     0.310652     7.153705  1.545856
185  1.507796     0.047826     5.284693  1.927130
186  2.650103     0.117184     4.196830  2.525128
187  0.811346     0.283466     6.522977  1.545856
188  0.936916     0.219516     6.522977  0.987941
189  1.646745     0.037126     7.671627  2.664093
190  2.053298     0.083406     3.568439  2.982478
191  0.813118     0.282468     6.291619  1.545856
192  1.346928     0.033408     6.291619 -1.340520
193  1.175023     0.107600     1.495097 -0.404980
194  1.264319     0.068628     4.523582 -1.145941
195       NaN          NaN     0.607110  1.545856
196  1.665776     0.058366     6.291619  2.814763
197  1.403528     0.009765     9.294087 -2.335735
198  2.775656     0.109413     2.068154  1.965714
199  1.486590     0.018673     1.619822  1.545856
200  1.237098     0.080182     6.291619  0.247917
201  1.119780     0.132490     2.793462  0.949767
202  2.877795     0.053085     3.178710  2.862192
203  1.367756     0.070689     3.908907  1.545856
204  1.432482    -0.002061     6.291619 -2.499023
205  1.351560     0.031251     4.359897 -1.382959
206  1.273384     0.064733     4.138831 -1.107729
207  1.985217     0.060997     3.051192  1.545856
208  1.941103     0.051204     6.291619  2.895289
209  1.001643     0.187924     2.292703  0.252650
210  1.366699     0.024993     2.779281 -2.373656
211  0.709350     0.340380     8.101953  1.545856
212  1.341278     0.035789     8.101953 -0.751027
213  1.415346     0.005083     5.428690 -1.980143
214  1.374271     0.021964     8.353923 -1.785282
215  1.455632     0.040109     4.939613  1.545856
216  1.425813     0.000599     8.101953 -1.896830
217  0.733664     0.326510     9.240640  1.630588
218  1.448658    -0.008725     6.427209 -2.595402
219  1.601737    -0.072112     1.273406  1.545856
220  1.032135     0.175241     8.101953  2.052839
221  1.420008     0.002986     8.963848 -2.196233
222  1.902614     0.027468     4.655766  1.914933
223       NaN          NaN     0.962885  1.545856
224  0.912822     0.232049     8.101953  1.039381
225  1.370295     0.023573     7.704042 -2.678320
226  1.763234     0.054102     5.838055  2.289577
227  0.733149     0.326655     7.626864  1.545856
228  1.453556     0.120413     7.626864  2.575617
229  1.482385    -0.022411     5.744422 -1.703965
230  0.837419     0.269453     8.703959  1.982287
231  0.730531     0.328223     8.260702  1.545856
232  1.334067     0.038598     8.260702 -0.277301
233  1.437837    -0.004383     8.867179 -0.967988
234  1.349600     0.032307     9.948172 -1.845774
235  1.726173    -0.036432     3.540874  1.545856
236  0.756937     0.314098     8.260702  1.343890
237  1.418559     0.015167     1.350926  0.796046
238  1.340447     0.035231     1.850552  0.900663
239  1.434056     0.063854     2.995503  1.343890
240  1.548923     0.077012     8.260702  2.468227
241  1.046146     0.166794     3.446454  0.303113
242  1.491446     0.116340     6.534476  2.237671
243  0.808848     0.285068     5.736637  1.343890
244  1.301117     0.052886     8.260702 -2.301442
245  1.639100    -0.018043     0.935222  0.579233
246  1.229584     0.083757     2.580360 -1.195147
247  1.756239     0.024490     1.714470  1.343890
248  1.338027     0.037041     8.260702 -2.220539
249  1.295660     0.055148     8.464074  0.005647
250  1.331779     0.039915     9.438069 -2.735659
251  1.882934     0.035836     2.411564  1.343890
252  0.956944     0.210139     8.260702  0.938738
253  2.713124     0.035147     2.797748  1.878555
254  1.434377     0.044897     4.587609  1.612134
255  0.770063     0.306905     9.138526  1.343890
256  1.119295     0.132944     9.138526  0.693054
257  1.311752     0.048288     8.514200 -0.301180
258  2.341320    -0.010258     0.438483  0.605873
259  0.758297     0.313050     7.106059  1.343890
260  0.975923     0.200581     7.106059  0.869260
261  1.422567     0.011815     5.171008  2.838366
262  1.343551     0.034883     3.772496 -1.581669
263  1.322089     0.068813     3.252409  1.343890
264  1.471550     0.104852     7.106059  2.296738
265       NaN          NaN     0.448583  2.445352
266  1.422774     0.000685     2.231068  2.939643
267  2.351840     0.061911     2.055654  1.343890
268  1.219277     0.088181     7.106059 -0.283811
269  1.784526     0.030284     8.707973  2.730818
270  1.378157     0.020302     6.968789 -1.505380
271  0.800394     0.290499     9.788396  1.343890
272  1.013233     0.182445     7.106059  0.830681
273  0.816011     0.280835     9.037497  1.934563
274  1.537273    -0.005020     0.592507 -0.031741
275  2.850335     0.043411     1.934662  1.343890
276  1.316573     0.046222     7.106059 -1.761612
277  1.388939     0.015819     8.905984 -2.611145
278  1.423122     0.001755     7.855413 -2.491808
279  0.818787     0.280593     9.987874  1.343890
280  1.236565     0.080640     7.106059 -0.202199
281  0.847807     0.265088     6.462175  1.096256
282  1.426033     0.000506     6.545829 -2.513005
283  0.750584     0.317487     7.388278  1.343890
284  1.228117     0.084411     7.388278  0.159038
285  0.760603     0.311342     8.041726  1.577835
286  1.360769     0.027544     9.714371 -0.799698
287       NaN          NaN     1.175508  1.577835
288  0.928476     0.224031     8.041726  1.031249
289  1.084847     0.148772     5.982296  0.538031
290  1.125300     0.130513     0.958129 -0.314767
291  1.243382     0.099019     3.756108  1.577835
292  1.266306     0.067328     8.041726  0.434207
293  0.805059     0.287930     8.492605  1.263287
294  1.183442     0.103983     7.548915  0.271071
295  0.750486     0.317041     8.194009  1.577835
296  1.126958     0.129360     8.194009  0.677831
297  1.343385     0.034807     3.516656 -1.944953
298  1.275744     0.063484     6.171286 -0.392467
299  1.437579    -0.005505     1.517924  1.577835
300  1.384407     0.017690     8.194009 -1.556216
301  1.359407     0.028231     2.130134 -2.946676
302  1.266667     0.067601     7.726551 -0.019471
303  1.530512     0.060419     3.912337  1.577835
304  1.403755     0.009667     8.194009 -2.951530
305  1.984044     0.086058     4.336139  1.892484
306  1.353605     0.030706     4.312682 -2.994358
307  0.728317     0.329339     7.981270  1.577835
308  1.151140     0.118512     7.981270  0.531482
309  1.223803     0.086535     0.562457 -2.045675
310  0.832104     0.273673     9.339598  1.233593
311  0.856233     0.259825     6.447350  1.577835
312  1.364077     0.026136     7.981270 -1.327380
313  1.349799     0.032197     3.570455 -2.135613
314  1.392517     0.014520     6.970489 -2.973716
315  3.748973     0.021857     1.379769  1.577835
316  1.300605     0.053081     7.981270 -2.286705
317  0.746322     0.319604     7.563443  1.419345
318  1.294875     0.055330     6.840270 -0.287182
319  0.808147     0.286092     9.525560  1.419345
320  0.963766     0.206538     7.563443  0.938939
321  2.846256     0.101845     3.429401  2.725785
322  1.347649     0.033067     3.942230 -1.813805
323  0.780976     0.300748     9.120623  1.419345
324  1.374919     0.021590     7.563443 -1.999579
325  1.235035     0.097446     5.266587  1.714268
326  1.423669     0.001517     9.281653 -1.478413
327  0.746524     0.319181     6.467092  1.419345
328  1.420447     0.002920     6.467092 -1.967934
329  2.109494    -0.008120     1.988293  1.485499
330  1.225268     0.085406     3.365513 -0.244798
331  1.780283     0.021275     2.592450  1.419345
332  1.396515     0.012790     6.467092 -1.821025
333  1.180835     0.105361     7.876054  0.215954
334  1.374038     0.022033     9.628586 -2.582371
335  0.767100     0.308207     7.972086  1.419345
336  0.795811     0.292554     6.467092  1.232744
337  1.316884     0.074704     2.680656  1.196070
338  1.324403     0.042775     3.269165 -1.295018
339  0.797544     0.291092     5.965211  1.419345
340  1.928523     0.007631     6.467092  2.726365
341  1.429483    -0.000914     6.828668 -2.070300
342  1.134466     0.125983     3.798133  0.073987
343  1.988743    -0.006997     2.537831  1.419345
344  1.289148     0.057655     6.467092 -0.138374
345  1.369473     0.023864     4.052230 -1.040013
346  1.344425     0.073321     9.539186  2.474021
347  0.801729     0.288926     6.205310  1.419345
348  1.047652     0.166140     6.467092  0.721378
349  1.246913     0.076165     1.513348 -1.222511
350  1.293616     0.056022     4.007377 -1.155666
351  3.841463    -0.001194     1.195045  1.419345
352  1.083671     0.151747     6.467092  1.843737
353  1.288357     0.058362     1.589263 -2.601771
354  1.219072     0.088493     1.121314 -2.588053
355  0.741947     0.322124     7.987690  1.419345
356  1.325013     0.042587     7.987690 -0.168648
357  1.348009     0.032918     6.680891 -2.338493
358  1.434962    -0.003072     8.617796 -1.873973
359       NaN          NaN     1.172737  1.419345
360  1.367156     0.024828     7.987690 -0.468118
361  1.323765     0.042898     8.362459  0.320400
362  1.235106     0.081042     6.548308  0.332418
363  1.434360     0.132135     1.863501  1.419345
364  1.359942     0.027916     7.987690 -0.955053
365  1.613129     0.130367     6.520881  2.330601
366  1.336015     0.037949     3.936327 -1.608560
367  0.741712     0.322615     9.039609  1.419345
368  1.287939     0.058447     9.039609 -0.182588
369  0.805286     0.287320     4.510716  1.055603
370  1.303801     0.051616     2.579425 -1.911438
371  1.932225     0.009200     2.369480  1.419345
372  1.217735     0.098041     9.039609  2.360685
373  2.423020     0.148469     2.480114  1.511748
374  1.544929    -0.009409     0.495466 -0.251125
375  2.056890     0.026047     1.913126  1.419345
376  0.768727     0.306466     9.039609  1.865550
377  1.894294     0.002390     1.582952  1.104221
378  1.351026     0.032391     1.433647  0.645493
379  0.868222     0.253703     5.529176  1.419345
380  1.440209    -0.005340     9.039609 -1.991103
381  1.243918     0.078838     0.323729 -1.677969
382  2.905658     0.088479     1.580380  1.219302
383  0.770894     0.305727     6.528772  1.419345
384  1.419087     0.003474     9.039609 -2.648906
385  1.435438    -0.003249     6.056826 -2.562871
386  1.336683     0.036900     1.749505  0.872888
387  1.649872     0.038379     3.323903  1.419345
388  1.208980     0.092671     9.039609  0.478006
389  1.387601     0.016667     8.167727 -2.099901
390  1.080519     0.150863     2.120446 -0.268309
391  0.754170     0.315383     8.406652  1.419345
392  1.754236     0.099690     9.039609  2.750407
393  1.018378     0.179938     3.735994  0.447733
394  1.071471     0.157570     8.499754  2.258427
395       NaN          NaN     0.712407  1.419345
396  1.336171     0.038084     9.039609 -1.683124
397  1.338689     0.036896     8.275658 -2.731769
398  0.963138     0.206480     2.782304  0.570228
399  0.757726     0.313548     8.862334  1.419345
400  0.868568     0.254455     9.039609  1.215909
401  1.259280     0.070833     7.554765 -0.134388
402  2.125795     0.073950     2.776421  2.088699
403  0.744294     0.320938     8.646187  1.419345
404  0.961130     0.208013     8.646187  0.975826
405  2.688466     0.110120     4.394664  2.948952
406  1.046898     0.166438     5.664657  0.656917
407  0.753075     0.316321     9.636514  1.419345
408  1.225752     0.085215     9.636514  0.476944
409  1.357534     0.028915     3.666869 -2.432640
410  1.463249    -0.016162     1.302293  1.628415
411  0.827165     0.275206     5.609850  1.419345
412  1.489698    -0.025207     9.636514 -2.105766
413  1.283911     0.077547     9.561075  2.745018
414  1.944160     0.137404     6.056971  2.288127
415  2.572965     0.033316     1.951228  1.419345
416  1.343777     0.034960     9.636514 -1.949087
417  1.364277     0.026013     6.390080 -1.924272
418  1.370742     0.022624     2.862558  2.567609
419  0.774267     0.304483     9.496721  1.419345
420  0.718037     0.335538     9.636514  1.630087
421  1.350318     0.032059     5.583379 -2.841551
422  1.325774     0.042259     9.221003 -1.959413
423  0.872209     0.251516     6.193774  1.630087
424  1.758308     0.048326     9.636514  2.543126
425       NaN          NaN     0.844273  2.588792
426  1.337672     0.037184     5.663623 -1.140785
427  0.727773     0.329649     8.396315  1.630087
428  1.365498     0.025518     9.636514 -1.220128
429  1.370473     0.023512     5.814655 -1.713693
430  1.287071     0.058795     4.253754 -0.938349
431  0.773179     0.304437     8.368020  1.630087
432  0.784047     0.299523     9.636514  1.310730
433  1.376727     0.020916     5.848158 -1.137798
434  1.288258     0.058173     6.540638 -0.216678
435  1.117692     0.137670     5.330933  1.630087
436  1.246876     0.075971     9.636514  0.384827
437  1.244839     0.076913     5.185467  0.010294
438  1.902159     0.072494     4.307266  2.276803
439       NaN          NaN     0.696726  1.630087
440  1.273746     0.064345     9.636514  0.099607
441  1.396575     0.012569     6.339188 -2.576611
442  1.370723     0.023491     7.335325 -1.529051
443  0.893008     0.240917     6.411274  1.630087
444  0.850238     0.262829     9.636514  2.056659
445  1.296737     0.054679     2.076546 -1.792143
446  1.963710     0.027669     5.369511  2.763162
447  0.722329     0.332986     9.441139  1.630087
448  0.910523     0.233157     9.441139  1.140578
449  0.868760     0.253282     6.840852  1.698147
450  1.590441     0.026306     2.352993  1.209856
451  1.605910     0.017888     3.813732  1.630087
452  1.333795     0.038911     9.441139 -1.547456
453  1.236485     0.080710     1.391102  0.423659
454  1.362101     0.026925     5.405907 -1.469121
455  0.800418     0.289267     6.881308  1.630087
456  1.431166    -0.001650     9.441139 -1.344154
457  1.363020     0.026652     3.192916 -2.652871
458  1.377171     0.020566     8.262805 -0.386734
459  1.527465     0.027748     3.923355  1.630087
460  1.330218     0.040546     9.441139 -0.175090
461  0.824305     0.277765     8.511761  1.224922
462  1.179830     0.105614     6.960718  0.287125
463  2.483628     0.079790     2.116506  1.630087
464  1.331705     0.039639     9.441139 -0.035931
465  2.195783     0.081810     3.719348  2.874627
466  1.766931     0.088611     4.347806  2.687628
467  2.019182     0.058494     3.359490  1.630087
468  1.415106     0.004986     9.441139 -1.938359
469  1.212304     0.091312     1.547525 -1.246931
470  1.206348     0.094001     1.274465 -1.193607
471       NaN          NaN     0.580807  1.630087
472  1.251096     0.074164     9.441139  0.251925
473  1.194878     0.099259     1.606684 -1.632063
474  1.448620    -0.008689     8.354535 -2.473278
475  1.041588     0.170245     5.336228  1.630087
476  1.382195     0.018718     9.441139 -1.898032
477  1.217382     0.088772     5.127057  0.210411
478  1.359634     0.028026     6.467556 -1.047505
479       NaN          NaN     0.330373  1.630087
480  1.334792     0.038315     9.441139 -0.200249
481  1.429499     0.014588     1.228888  0.694831
482  1.383815     0.017950     5.663632 -2.588088
483  0.716242     0.336315     8.742805  1.630087
484  1.247689     0.075697     8.742805  0.348581
485  1.090316     0.146355     1.741613 -0.360426
486  1.432723     0.043337     3.947168  1.647881
487  0.728187     0.329505     8.630043  1.630087
488  1.057638     0.161510     8.742805  0.842967
489  0.773033     0.304812     6.993128  1.372079
490  0.939913     0.217849     7.599227  1.967825
491       NaN          NaN     0.877157  1.630087
492  1.422882     0.001833     8.742805 -2.515414
493  1.293724     0.055722     9.692085  0.089593
494  1.428943    -0.000724     6.495201 -2.303211
495  0.741155     0.322413     9.814277  1.630087
496  1.405505     0.008890     8.742805 -0.247732
497  1.033636     0.172613     2.272176  0.206048
498  1.496998    -0.001996     1.434842  0.915280
499  3.624197     0.042087     1.347087  1.630087