error: 0.68 | highest correlation: nan
best global temp: 7.884548360324045 | best alpha: 0.9837760552763939 | best average temperature: 2.01
time scale: <class 'ising.Jij_sorted_ising'> | partial correlation: False

        error  correlation  global temp     alpha
0    2.927154     0.137189     4.228518  1.321947
1    2.981325     0.105641     3.288842  2.762276
2    2.238379     0.004552     3.521288 -2.105277
3    2.243828     0.004091     2.971673 -2.105277
4    1.888056     0.025304     2.971673 -1.607976
5    2.103922     0.208367     9.877176  2.126444
6    1.551289     0.007139     6.367867 -0.182866
7    1.596542    -0.011031     7.156039 -0.182866
8    2.466645     0.177163     7.156039  1.879911
9    2.363109     0.019266     9.758132 -2.117995
10   2.705918     0.028029     9.849683 -2.639974
11   2.674090     0.007986     8.578472 -2.639974
12   1.246190     0.293210     8.578472  1.648332
13   1.986162     0.161869     5.972911  2.768913
14   3.282956     0.056937     3.291066  2.835056
15   3.268740     0.061610     2.967194  2.835056
16   1.999057     0.088246     2.967194  1.502285
17   1.786822    -0.007613     1.804343 -1.459516
18   2.241790    -0.007367     2.544096 -2.187310
19   2.425389    -0.019675     4.941313 -2.187310
20   2.042967     0.111778     4.941313  2.246855
21   0.879740     0.348547     8.087142  1.414888
22   0.782460     0.361195     5.280724  1.008471
23   0.703058     0.371080     7.479766  1.008471
24   1.858600     0.146407     7.479766  2.970203
25        NaN          NaN     0.145158  1.642688
26        NaN          NaN     0.652424  2.434811
27   1.536118     0.179757     8.588414  2.970203
28   0.686857     0.378355     8.588414  0.990187
29   2.638731     0.159664     6.931259  1.882879
30   2.564213     0.005667     8.286019 -2.379454
31   2.386149     0.025391     6.776158 -2.379454
32   0.966443     0.231894     6.776158  0.552144
33   2.229629    -0.019674     7.354604 -1.523148
34   2.018456    -0.034422     3.770838 -1.372292
35   1.945729    -0.032570     2.403269 -1.372292
36   2.469245     0.109111     2.403269  1.505940
37   1.798386     0.005623     1.308561 -1.572184
38   2.599634    -0.005846     7.198735 -2.398770
39   2.718266    -0.012497     8.997681 -2.398770
40   0.707764     0.370517     8.997681  1.129684
41   1.016872     0.317862     7.937273  1.473141
42   1.223032     0.212525     5.108084  1.943951
43   2.818489     0.122784     2.450988  1.943951
44   1.529200     0.001007     2.450988 -0.372374
45   1.694437    -0.040841     1.809903 -0.824302
46   0.990148     0.226144     3.844707  0.628835
47   1.662212    -0.019935     1.127344  0.628835
48   1.640050    -0.021811     1.127344 -0.801461
49   2.835099    -0.016656     9.148731 -2.909570
50   1.762053     0.066350     2.614143  1.320605
51   2.469937     0.177934     4.752737  1.320605
52   2.362381    -0.001758     4.752737 -2.266889
53   1.737831    -0.015020     1.858025  0.124177
54   1.729596    -0.012994     0.617146  0.211350
55   1.211713     0.120533     4.269022  0.211350
56   1.776063     0.165352     4.269022  2.029452
57   1.446729     0.034315     9.496939  0.148058
58   1.647743    -0.015389     0.998546 -0.978885
59   2.009057     0.004094     9.228964 -0.978885
60   2.596169    -0.013525     9.228964 -1.843523
61   0.983844     0.222531     3.075920  1.169827
62   1.695256     0.018107     4.532941 -1.054691
63   1.923086    -0.028891     6.090842 -1.054691
64   0.691459     0.380255     6.090842  0.945499
65   1.219354     0.116969     3.788902  0.215861
66   1.735012    -0.014206     6.507934 -0.622587
67   1.620568    -0.015791     2.731013 -0.622587
68   3.281646    -0.036047     2.731013  0.900954
69   1.934972     0.010942     1.084551 -2.245757
70   1.719063    -0.020665     1.826582 -1.124174
71   1.963785    -0.023480     4.658931 -1.124174
72   2.579276    -0.007050     4.658931 -2.811839
73   2.465484    -0.021370     5.643723 -2.178678
74   2.878940     0.135815     4.329218  1.447393
75   2.339011     0.187282     5.444351  1.447393
76   2.355811     0.171461     5.444351  1.645352
77   1.088745     0.173510     3.842382  0.356313
78   0.696914     0.376864     6.430091  0.986035
79   1.183776     0.130118     2.239848  0.986035
80   3.539970     0.052326     2.239848  2.916980
81   1.859936     0.151031     4.933969  2.157768
82   1.660831    -0.021387     2.091999 -0.823123
83   0.751676     0.342543     9.053289  0.986035
84   0.857564     0.285598     9.053289  0.799727
85   1.336602     0.290356     9.183738  1.751460
86   0.808811     0.337836     4.987223  0.930636
87   2.488831     0.041764     3.292856  0.930636
88   1.593210    -0.011336     4.987223 -0.300337
89   0.743580     0.365394     7.228042  1.154066
90   0.843321     0.292800     6.389416  0.633245
91   0.874716     0.278949     4.156348  0.633245
92   0.909604     0.272656     4.156348  0.750290
93        NaN          NaN     0.627000  1.628920
94        NaN          NaN     0.141081  0.702590
95   0.840563     0.294187     7.840972  0.750290
96   1.643868    -0.009354     7.840972 -0.380601
97   2.635729    -0.033338     7.011789 -2.418443
98   2.659545    -0.027081     4.199824 -2.774011
99   0.817893     0.308413     4.845867  0.750290
100  1.707876    -0.026797     4.845867 -0.554367
101  2.131262    -0.005729     1.490569 -2.325647
102  2.598280     0.169365     7.405425  1.985910
103  1.354990     0.056154     1.595145  0.750290
104  1.177293     0.210783     4.845867  1.810793
105  1.766755    -0.009382     3.335942 -0.955032
106  1.654145    -0.012409     3.627126 -0.701969
107  0.800282     0.315513     9.061841  0.750290
108  2.388073     0.185386     9.061841  2.252040
109  0.938575     0.320472     9.476694  1.564446
110  1.870148     0.229788     9.856383  2.010598
111       NaN          NaN     0.694057  1.564446
112  0.814307     0.308173     9.476694  0.875286
113  2.483340     0.001356     7.821535 -2.226510
114  2.263321     0.109823     4.374499  2.169739
115  1.696686     0.129819     3.611111  0.875286
116  0.749109     0.365586     9.476694  1.367011
117  2.401078     0.109089     5.660773  2.930860
118  3.337827     0.060514     2.873698  2.845112
119  1.816179     0.118565     2.671383  1.367011
120  2.548676     0.040230     9.476694 -2.587726
121  0.795701     0.317570     6.085873  0.713087
122  1.660885     0.002313     2.191025 -0.928304
123  0.892726     0.268142     9.734363  0.713087
124  0.759148     0.352258     9.734363  1.314831
125  2.170486     0.204744     9.222150  2.076407
126  0.696202     0.375594     8.860030  1.113852
127  0.719396     0.363085     9.406875  1.113852
128  1.761565     0.028099     9.406875 -0.783055
129  1.517396     0.018841     9.139771 -0.068916
130  1.766939    -0.004221     7.620331 -0.645881
131  1.753573     0.262110     4.314943  1.113852
132  2.229875     0.018327     9.406875 -1.597406
133  2.460482     0.157105     7.902002  2.413187
134  2.606932     0.155586     4.458988  2.842375
135  0.928022     0.345309     5.361346  1.113852
136  1.293221     0.090648     9.406875  0.319307
137  2.703189     0.164559     7.073667  1.997841
138  1.714379    -0.025562     3.697773 -0.769138
139  0.726849     0.365325     7.473878  1.113852
140  2.525043     0.022294     7.473878 -2.700729
141  2.268904     0.003938     7.492431 -1.675091
142  1.799046    -0.032334     9.006323 -0.560131
143  1.754851     0.281127     4.240089  1.113852
144  2.622491     0.161655     7.473878  2.096892
145  1.372721     0.055738     5.418813  0.190815
146  3.063373    -0.004352     9.930297 -2.968465
147  0.698824     0.377631     7.800187  1.113852
148  2.112452     0.000412     7.800187 -1.484098
149  1.927998     0.190415     6.203177  2.800536
150  1.617435    -0.017721     5.140527 -0.295508
151  0.717197     0.365820     8.143267  1.113852
152  1.098555     0.307876     8.143267  1.536397
153  1.805697     0.089330     2.209139  1.231635
154  1.540709     0.006407     0.544761 -0.541993
155  0.704515     0.370745     9.301166  1.113852
156  2.022560    -0.028503     9.301166 -0.974140
157  0.803920     0.315608     4.365498  1.390648
158  0.749964     0.346647     7.896339  1.046762
159  0.703830     0.376796     6.702576  1.046762
160  2.360319     0.154331     6.702576  2.429895
161  1.371897     0.060121     7.151877  0.161719
162  1.710744    -0.002240     0.115348 -1.852750
163  0.931324     0.353175     4.957523  1.046762
164  2.260887     0.021204     6.702576 -1.834948
165  1.821744    -0.022013     6.558103 -0.630137
166  2.550005    -0.001948     8.171119 -2.342682
167  0.762631     0.361417     5.835486  1.046762
168  2.303032     0.019556     5.835486 -1.964853
169  1.525552     0.012397     0.503026 -1.365017
170  1.422194     0.042819     7.886138  0.102656
171  0.740159     0.349730     9.518100  1.046762
172  2.472134    -0.017748     9.518100 -1.736076
173  2.509970     0.170611     7.655263  1.942488
174  2.854740     0.034620     1.135175  0.947279
175  0.695256     0.379240     7.016626  1.046762
176  2.671920    -0.005319     7.016626 -2.513041
177  1.728884     0.004894     2.608029  0.499580
178  1.948013     0.002388     9.597922 -1.126680
179  1.907105     0.266770     3.814987  1.046762
180  2.613134     0.168373     7.016626  1.909372
181  2.758665    -0.022770     7.025466 -2.854730
182  2.648317     0.002317     9.267192 -2.399722
183  1.725813     0.262133     4.027310  1.046762
184  1.034051     0.199732     7.016626  0.517423
185  1.637515    -0.009050     0.331503 -0.636003
186  2.512707    -0.014759     7.943630 -2.095102
187  1.249161     0.100226     2.029293  1.046762
188  2.685485     0.157681     7.016626  1.924781
189  1.482679     0.203299     6.468871  2.485886
190  1.167090     0.238239     5.894244  2.058337
191  2.676712     0.144540     3.343661  1.046762
192  0.742674     0.362531     7.016626  1.129184
193  2.188725    -0.010385     4.557136 -1.812849
194  2.947914     0.096503     2.545259  2.076403
195  3.259795     0.097027     2.979088  1.129184
196  2.381776     0.005971     7.016626 -2.287264
197  1.378018     0.052983     3.094986 -0.038599
198  2.698727    -0.006777     9.536987 -2.391582
199  3.158284     0.101660     1.275527  1.129184
200  2.956144     0.135777     7.016626  2.291581
201  2.495551     0.004623     4.112338 -2.787631
202  1.825288    -0.009874     0.544949  0.203667
203  3.654882     0.027050     1.176899  1.129184
204  2.178282     0.009649     7.016626 -1.485237
205  2.012445    -0.003893     5.176114 -1.637429
206  0.971057     0.229350     4.917821  0.444925
207  0.702469     0.379042     7.500942  1.129184
208  1.651477     0.248526     7.500942  1.638287
209  1.765793     0.035477     1.431045 -1.724812
210  2.343904     0.062211     8.099722 -2.482996
211  2.969856     0.063504     1.420978  1.129184
212  2.053018     0.027855     7.500942 -1.432945
213  1.787144    -0.006311     3.419566 -1.167119
214  1.660858    -0.011185     3.369348 -0.669297
215  2.396283     0.190791     3.825409  1.129184
216  2.281537     0.013617     7.500942 -1.947352
217  2.641354    -0.015505     4.507921 -2.869050
218  2.259259    -0.004235     2.027473 -2.498743
219  0.714753     0.367059     8.407744  1.129184
220  2.473822     0.171088     8.407744  2.074126
221       NaN          NaN     0.269247  2.876227
222  1.734985    -0.006236     5.239772 -0.796466
223  2.483065     0.192607     3.820445  1.129184
224  2.761298    -0.010282     8.407744 -2.830120
225  2.534249     0.118724     3.935463  2.304121
226  2.179551     0.005054     4.976593 -1.947988
227  2.596488     0.067761     1.570569  1.129184
228  1.106470     0.273746     8.407744  2.814689
229  1.380992     0.052575     2.700908 -0.119775
230  2.548621    -0.005839     2.783334 -2.852817
231  2.900856     0.132126     3.522928  1.129184
232  1.298124     0.087143     8.407744  0.322205
233  1.185297     0.131798     3.351640  0.401666
234  1.480846     0.024759     2.430616  0.224244
235  2.173659     0.038511     1.755236  1.129184
236  1.968481     0.009752     8.407744 -1.218695
237  2.687419    -0.013515     7.979754 -2.536906
238  2.268386     0.006689     4.073977 -2.146469
239  0.843840     0.352427     5.806195  1.129184
240  2.082711     0.211751     8.407744  1.917717
241  2.402027     0.018222     8.849724 -2.122797
242  2.310342     0.008013     3.463618 -2.734599
243  0.736130     0.358770     7.775166  1.129184
244  1.493875     0.017711     7.775166  0.040425
245  2.099073    -0.007155     4.511695 -1.557938
246  1.617135     0.000195     9.973911 -0.272551
247  0.923870     0.251971     3.254162  1.129184
248  2.101794     0.207973     7.775166  1.837876
249  1.615586    -0.008720     2.961711 -0.645218
250  1.785775    -0.022880     3.180222 -0.953910
251  1.340975     0.079462     2.315503  1.129184
252  2.792197     0.150581     7.775166  2.273793
253  2.169785     0.017967     4.525810 -1.781131
254  1.366811     0.052810     1.291234  0.387105
255       NaN          NaN     0.420739  1.129184
256  1.443516     0.203469     7.775166  2.700419
257  1.132881     0.188760     3.952217  1.517676
258  1.858668    -0.003999     6.129964 -1.104072
259  0.731068     0.358254     8.812744  1.129184
260  2.870076     0.142782     8.812744  2.669675
261  2.585214     0.166284     9.391450  2.378618
262  1.715385    -0.030981     3.914735 -0.643127
263  0.708507     0.372590     8.554099  1.129184
264  2.703226    -0.000004     8.554099 -2.805940
265  2.100713    -0.018101     2.231158 -1.848312
266  1.467884     0.271854     9.135777  1.814628
267  0.955320     0.236286     3.033437  1.129184
268  2.757536     0.157267     8.554099  2.408978
269  1.848212    -0.015876     4.128695 -1.136527
270  2.197032    -0.001370     5.836589 -1.692733
271  1.971688     0.208715     3.875395  1.129184
272  1.547307     0.019626     8.554099 -0.302403
273  2.515228     0.001006     9.013586 -2.191829
274  1.914292    -0.026972     1.352792 -0.054816
275  0.882093     0.272768     3.193682  1.129184
276  2.610125     0.003612     8.554099 -2.170672
277  1.577416     0.005333     0.281912 -1.553439
278  1.589345    -0.008546     6.601143 -0.250480
279  0.793045     0.325338     9.047130  1.129184
280  2.080224     0.213057     8.554099  1.926078
281  2.051696    -0.020548     7.470745 -1.175426
282  1.613295     0.259230     8.139869  1.719445
283       NaN          NaN     0.896871  1.129184
284  2.461552    -0.001599     8.554099 -2.277982
285  2.435992     0.005250     3.116768 -2.678209
286  1.924566    -0.026609     0.761273 -0.517283
287  0.727353     0.361013     8.661375  1.129184
288  3.056335     0.122794     8.661375  2.981686
289  1.496054     0.019251     6.486652 -0.056237
290  1.471848     0.029081     4.511955 -0.224441
291       NaN          NaN     0.741547  1.129184
292  2.825937    -0.001914     8.661375 -2.923886
293  2.203736     0.021268     3.384693 -2.503588
294  1.961239     0.222369     9.864978  2.063159
295  3.029376     0.130172     3.276052  1.129184
296  2.795226     0.002178     8.661375 -2.703612
297  3.474478     0.047422     2.259453  2.467119
298  1.591096    -0.008266     1.260920 -0.785847
299       NaN          NaN     0.638894  1.129184
300  1.553460     0.009486     8.661375 -0.175885
301  2.494824     0.109484     3.603236  2.149033
302  1.107330     0.165028     3.742281  0.375986
303  0.710119     0.367890     9.897149  1.129184
304  1.537806     0.005243     9.897149  0.034894
305       NaN          NaN     0.283096  2.003177
306  1.966084    -0.034104     6.302412 -0.895129
307  0.716959     0.364305     9.576146  1.129184
308  1.488577     0.022663     9.897149  0.050037
309  2.944245     0.100313     3.251980  2.655001
310  0.890878     0.326320     9.010473  2.595904
311  1.427926     0.313606     4.627054  1.129184
312  2.040318     0.213610     9.897149  2.087268
313  2.033416     0.116067     3.433165  1.763013
314  0.838889     0.332551     4.745716  0.920894
315  1.304582     0.304390     4.809063  1.129184
316  2.218734     0.195186     9.897149  2.174744
317  1.669390     0.079779     3.464024  1.527677
318  2.041902     0.008149     6.154638 -1.355867
319  0.884859     0.357075     5.587703  1.129184
320  0.900063     0.331780     9.897149  1.574395
321  1.184764     0.267452     7.989675  2.891260
322  1.524996     0.017790     1.226915 -0.747192
323  2.407311     0.163703     3.643849  1.129184
324  2.567351     0.163838     9.897149  2.572215
325  1.974813     0.004973     8.605748 -1.048737
326  1.676634    -0.025039     9.894049 -0.213074
327  2.528850     0.185510     3.766363  1.129184
328  1.920211     0.028772     9.897149 -1.211277
329  1.948167    -0.004678     4.053342 -1.272057
330  1.929850    -0.017228     3.092583 -1.259597
331  0.789456     0.369514     5.947938  1.129184
332  0.724959     0.357491     9.897149  1.033984
333  1.652438    -0.015458     0.906677 -0.683513
334  1.772266    -0.028020     8.846068 -0.493425
335  1.126013     0.155800     2.258648  1.033984
336  1.077277     0.180967     9.897149  0.574382
337  1.695744    -0.017734     3.819925 -0.825925
338  2.588363    -0.008540     3.899825 -2.741935
339  2.979383     0.124511     3.039273  1.033984
340  2.467954     0.177290     9.897149  2.336563
341  1.736407     0.032019     5.110574 -1.099159
342  1.015269     0.314014     8.498862  1.528578
343  0.704005     0.374815     6.889090  1.033984
344  1.826018    -0.020751     6.889090 -0.815946
345  2.186034    -0.022669     4.431773 -1.635675
346  2.754886     0.111940     3.896051  2.434617
347  1.002606     0.322049     4.794244  1.033984
348  1.730563    -0.021105     6.889090 -0.467868
349  1.871316    -0.043461     4.558441 -0.951049
350  2.363344    -0.028127     5.266125 -1.813713
351  0.778742     0.328466     9.379142  1.033984
352  1.204338     0.125180     6.889090  0.316018
353  2.577765    -0.017672     5.295850 -2.472114
354  0.699905     0.370903     9.603434  1.018097
355  1.140499     0.334044     4.368294  1.018097
356  1.423488     0.043868     9.603434  0.173981
357  2.021158     0.000178     7.010645 -1.282274
358  1.840588    -0.013765     1.354742 -1.487685
359  1.118090     0.159991     2.474834  1.018097
360  1.791301    -0.018129     9.603434 -0.548007
361  2.139650    -0.011154     9.762768 -1.320281
362  2.102672    -0.001906     2.119888 -2.215534
363       NaN          NaN     0.219785  1.018097
364  1.534790     0.021798     9.603434 -0.179097
365  2.395801     0.090610     3.348378  1.736911
366  2.615779     0.165702     9.971381  2.497989
367  0.811944     0.352744     5.291408  1.018097
368  1.612430    -0.013415     9.603434 -0.062882
369  2.691399     0.123745     4.384237  2.813449
370  2.362422     0.004107     5.837578 -2.212693
371  1.144464     0.147774     2.308865  1.018097
372  1.339585     0.281234     9.603434  1.807508
373  0.829163     0.300211     7.644829  0.707998
374  1.533207     0.221167     7.474371  2.828521
375  0.710414     0.365918     8.025060  1.018097
376  1.514847     0.016283     8.025060 -0.066739
377  3.873426    -0.001194     1.313812  1.930485
378  1.550853     0.008181     1.946265  0.005674
379  0.729455     0.357507     7.515836  1.018097
380  1.805865    -0.032410     8.025060 -0.725931
381  2.447686    -0.016907     6.671621 -1.967385
382       NaN          NaN     0.897333  1.472849
383  0.691439     0.377474     7.843380  1.018097
384  2.644348     0.002691     7.843380 -2.659216
385  2.110956     0.022866     4.046967 -1.703335
386  1.990385     0.025300     1.017244 -2.418530
387  1.391825     0.043161     1.796801  1.018097
388  1.804594    -0.039117     7.843380 -0.547406
389  2.417966    -0.016767     8.470212 -2.012792
390  1.724500    -0.014370     1.549441 -1.210205
391  2.067222     0.025848     1.413190  1.018097
392  0.726660     0.355714     7.843380  0.933621
393  2.233176     0.016610     3.807687 -2.010154
394  1.496622     0.018948     8.622755  0.039958
395  0.892519     0.346673     4.913411  1.018097
396  2.365709     0.012322     7.843380 -1.898563
397  2.984887     0.136660     7.661465  2.364368
398  2.246101     0.007801     5.074193 -1.855023
399  2.079570     0.219079     3.636455  1.018097
400  2.664661     0.007591     7.843380 -2.598350
401  2.003789     0.011222     0.982796 -2.481972
402  1.272763     0.247038     7.643876  2.717322
403  0.709943     0.371874     6.628758  1.018097
404  1.648109    -0.029847     7.843380 -0.167545
405  2.774930     0.120789     2.121124  1.599823
406  1.472325     0.019985     2.825088 -0.261780
407  0.727921     0.364699     6.341153  1.018097
408  2.260133    -0.017664     7.843380 -1.696162
409  2.627966    -0.002214     3.837758 -2.928454
410  1.204760     0.295864     9.403916  1.729723
411  0.956862     0.352048     4.660677  1.018097
412  2.042977     0.033986     7.843380 -1.575599
413  1.901481     0.004907     7.291142 -0.948468
414  2.066349    -0.023246     7.233668 -1.138874
415  0.699873     0.372327     7.982918  1.018097
416  2.078741     0.016204     7.982918 -1.491866
417  1.461908     0.040804     2.497296  0.298983
418  2.915659     0.139431     7.546604  2.404791
419       NaN          NaN     0.601865  1.018097
420  2.417300    -0.006923     7.982918 -1.653275
421  1.982095     0.004742     7.818855 -1.159062
422  2.520679    -0.005097     5.082933 -2.743981
423  0.750760     0.348914     6.849913  1.018097
424  2.122636     0.015851     7.982918 -1.505573
425  2.007871    -0.020019     7.514272 -1.216412
426  2.919914    -0.033291     9.947907 -2.816787
427  0.709328     0.366242     8.715498  1.018097
428  2.708365    -0.017005     7.982918 -2.600486
429  1.976816    -0.014459     4.789706 -1.228286
430  0.808195     0.311097     5.098368  0.647887
431  0.696926     0.373360     8.606972  1.018097
432  2.747841     0.157881     8.606972  2.431525
433  1.744334     0.000095     6.716494 -0.797817
434  2.264660    -0.027701     7.827497 -1.484643
435  0.721994     0.359141     8.524787  1.018097
436  1.838504    -0.016122     8.606972 -0.713759
437  1.926280    -0.031873     0.355206 -2.158308
438  3.059011    -0.050153     0.632857  0.700127
439  1.159652     0.139900     2.042137  1.018097
440  2.131509     0.019622     8.606972 -1.576334
441  2.733851     0.126983     2.610008  1.906751
442  1.425821     0.036942     5.520650  0.077146
443  0.706341     0.369233     7.579999  1.018097
444  1.313041     0.080948     8.606972  0.347471
445  0.926126     0.255871     4.073054  0.672125
446  1.967881    -0.028181     1.416704  0.044248
447  0.807247     0.361537     5.133941  1.018097
448  2.430509    -0.007061     8.606972 -1.818513
449  2.176903    -0.016907     1.793513 -2.140914
450  2.928958     0.140032     6.968271  2.064544
451  0.720676     0.359459     8.720959  1.018097
452  0.929892     0.249386     8.606972  0.683763
453  2.995917    -0.032722     6.626559 -2.893011
454       NaN          NaN     1.089073  1.787808
455  0.706747     0.370666     7.294784  1.018097
456  0.699179     0.371411     8.606972  0.983776
457  1.622324    -0.019646     3.026971 -0.566532
458  1.569772    -0.013848     4.501424 -0.132896
459  0.784209     0.350298     5.355344  0.983776
460  0.781459     0.357726     8.606972  1.351083
461  1.628321     0.001654     9.638370 -0.364561
462  1.561839    -0.005405     1.994687 -0.565693
463  3.921047    -0.013962     0.925097  0.983776
464  2.167299     0.023543     8.606972 -1.592359
465  1.570165    -0.004506     1.483788 -0.429007
466  2.488147    -0.027460     7.423238 -2.001112
467  0.956926     0.338970     4.549994  0.983776
468  2.722122     0.158314     8.606972  2.402745
469  1.855652     0.192256     6.241578  2.779519
470  1.755134    -0.006997     3.761265 -0.919591
471  0.913901     0.258523     2.662024  0.983776
472  2.694769     0.160074     8.606972  2.308164
473  1.337634     0.072030     2.588201  0.194444
474  1.783360    -0.014092     8.785326 -0.647794
475  1.290145     0.082610     1.975979  0.983776
476  1.826206    -0.025088     8.606972 -0.713394
477  1.108265     0.169045     3.483843  0.516475
478  2.576745    -0.016430     5.931454 -2.698100
479  0.678299     0.383296     7.884548  0.983776
480  0.917238     0.255621     7.884548  0.673662
481  1.733977    -0.024755     6.577139 -0.565996
482  1.562536     0.001729     1.901514 -0.748252
483  1.277870     0.088647     2.150889  0.983776
484  1.861805    -0.014838     7.884548 -0.809272
485  2.966274    -0.039728     2.848735  0.846095
486  0.847833     0.290350     7.510601  0.728088
487  0.724246     0.360452     6.684478  0.983776
488  1.385502     0.054027     7.884548  0.202284
489  2.399704    -0.021872     1.371760 -2.651502
490  1.080070     0.179562     3.583774  0.502759
491  2.611922    -0.027312     1.340771  0.983776
492  2.634653     0.022768     7.884548 -2.924398
493  1.978735    -0.000949     0.376429  0.070423
494  0.873360     0.335521     8.076758  2.427205
495  3.117543     0.102732     1.100998  0.983776
496  0.858223     0.285286     7.884548  0.733023
497  0.821657     0.321700     4.898964  0.882983
498  2.828026     0.149181     9.487788  2.710790
499  1.472613     0.014384     1.676076  0.983776