error: 0.68 | highest correlation: nan
best global temp: 6.0185484763593635 | best alpha: 0.9245936721563339 | best average temperature: 1.63
time scale: <class 'ising.Jij_sorted_ising'> | partial correlation: False

        error  correlation  global temp     alpha
0    2.726804     0.150036     4.228518  1.321947
1    2.987606     0.123906     3.288842  2.762276
2    2.177110     0.011912     3.521288 -2.105277
3    2.116380     0.039628     2.971673 -2.105277
4    0.836731     0.296703     2.971673  0.879673
5    1.472250     0.021394     6.361410  0.069410
6    1.942190    -0.038009     9.870720 -0.767958
7    1.770680    -0.031018     5.033497 -0.767958
8    0.792361     0.319630     5.033497  0.682841
9    1.147735     0.147124     2.215454  0.910066
10   2.286768    -0.008347     3.914535 -1.996813
11   2.458226    -0.004626     9.702842 -1.996813
12   1.146116     0.149938     9.702842  0.538232
13   2.625689    -0.029692     3.379345 -2.630875
14   1.503530     0.018601     9.250052  0.021131
15   1.424941     0.041162     6.157012  0.021131
16   2.111815    -0.010429     6.157012 -1.311640
17   2.139483    -0.020127     8.765032 -1.311390
18   2.415269     0.000331     9.504786 -2.039184
19   2.055848     0.003249     2.002002 -2.039184
20   1.636141    -0.007511     2.002002 -0.945720
21   2.189955     0.013497     5.147831 -1.777688
22   1.092585     0.173708     7.721549  0.496031
23   1.149511     0.148906     8.783282  0.496031
24   2.578262    -0.034123     8.783282 -2.037870
25   1.394724     0.048736     2.468523  0.111133
26   2.517320     0.175102     6.486264  1.739211
27   2.630620     0.118308     2.597318  1.739211
28   2.509405     0.013480     2.597318 -2.998434
29   1.935841     0.008871     0.940162 -2.105743
30   3.039025     0.092080     2.752168  2.156590
31   2.922782     0.135518     6.283766  2.156590
32   0.751850     0.341837     6.283766  0.829756
33   2.008049    -0.017216     6.160393 -1.151374
34   2.024564    -0.007587     3.323754 -1.588013
35   1.999570     0.027891     3.919081 -1.588013
36   0.827554     0.301191     3.919081  1.290219
37   0.987578     0.222640     9.799160  0.558548
38   1.572414     0.001378     5.789334 -0.268037
39   1.665835    -0.025650     7.588280 -0.268037
40   2.559592     0.005678     7.588280 -2.739584
41   0.756607     0.364675     7.735796  1.246155
42   0.959797     0.274081     4.906606  1.716966
43   2.807691     0.147771     2.249510  1.716966
44   1.619677    -0.021659     2.249510 -0.599360
45   1.662837    -0.017018     1.608426 -1.051288
46   1.134910     0.152990     3.643229  0.401849
47   1.644224    -0.010591     0.925866  0.401849
48   1.649133    -0.017059     0.925866 -1.028447
49   0.714484     0.363398     7.772272  0.968842
50   1.537556     0.010924     1.237684 -0.800983
51   0.736066     0.358176     6.018548  0.968842
52   0.675587     0.388167     6.018548  0.924594
53   2.156806     0.012168     0.819056 -2.870118
54   1.795266    -0.007811     0.719139 -1.872866
55   2.132252    -0.002493     4.371014 -1.872866
56   2.851306     0.145032     4.371014  1.367527
57   1.312769     0.079817     8.014515  0.366342
58        NaN          NaN     1.081029  2.682390
59   1.266977     0.098364     7.149877  0.366342
60   1.327047     0.214501     7.149877  2.548377
61   1.265190     0.107884     3.131172  0.478516
62   0.801211     0.351362     8.118255  1.318164
63   0.750596     0.359575     9.676156  1.318164
64   1.848517     0.233156     9.676156  2.001419
65   2.186823     0.118832     5.081615  2.363648
66   1.654538    -0.006315     0.393066 -0.548199
67   1.672752     0.008878     8.716378 -0.548199
68   2.474954    -0.032752     8.716378 -2.084745
69   0.767519     0.332931     6.556182  0.798938
70   1.884122    -0.019771     8.885895 -0.859031
71   0.781035     0.325423     7.972300  0.798938
72   0.955634     0.236672     7.972300  0.674039
73   2.405635    -0.020479     8.964723 -1.941168
74   1.032329     0.200404     5.797264  0.476787
75   2.640509    -0.026020     0.462433  0.476787
76   1.206206     0.124067     5.797264  0.258942
77   1.139060     0.151921     3.824262  0.244715
78   2.432046    -0.002133     5.253270 -2.465047
79   1.332135     0.076449     9.534018  0.244715
80   2.114633     0.201032     9.534018  2.175660
81   2.376956     0.127102     2.328140  1.416448
82   2.213450     0.001202     9.386169 -1.564443
83   1.330126     0.073334     6.447460  0.244715
84   1.450847     0.030477     6.447460  0.058407
85   0.697638     0.377121     6.577908  1.010140
86   1.017710     0.285637     9.753162  2.871504
87   3.022293     0.118765     8.058795  2.871504
88   0.994556     0.319871     9.753162  1.640531
89        NaN          NaN     1.008834  2.006716
90   0.744153     0.350129     8.914536  1.119710
91   1.772644     0.037001     1.910868  1.119710
92   1.758670    -0.020967     8.914536 -0.509764
93   1.581341     0.002655     3.572255 -0.609639
94   1.706466    -0.014277     8.026230 -0.495557
95   1.417384     0.084851     2.120428  1.119710
96   0.757759     0.338144     8.914536  0.890156
97   2.090609    -0.001665     7.330910 -1.241386
98   1.325509     0.075451     6.588729  0.265937
99   2.046641     0.080761     3.418270  0.890156
100  1.273681     0.097438     8.914536  0.350234
101  1.631490    -0.018723     3.496147 -0.524094
102  1.774438    -0.038938     4.013816 -0.723757
103  0.768128     0.332516     9.979156  0.890156
104  1.153553     0.309553     9.979156  1.785795
105  0.942416     0.253003     4.366318  1.467448
106  2.174850     0.204435     9.919622  2.184894
107  1.438183     0.274862     6.719543  1.467448
108  1.597634    -0.018675     4.366318 -0.247119
109  1.577176     0.198284     7.173046  2.891327
110  2.041093    -0.012650     2.674878  0.816653
111  3.353762     0.066360     1.577157  1.467448
112  2.641899     0.115789     4.366318  2.607536
113  1.690876     0.049142     2.164522 -1.435785
114  2.777130     0.149786     8.060771  2.223810
115  0.904669     0.344439     8.400734  1.467448
116  2.924898     0.007407     8.400734 -2.762135
117  2.626038    -0.013467     5.933685 -2.686392
118  1.145098     0.149411     3.425086  0.414792
119  2.754564     0.151054     4.524127  1.467448
120  0.874480     0.331805     8.400734  1.399704
121  0.774954     0.330707     5.009913  0.745779
122  2.378174     0.087031     4.581255  2.401415
123  0.962734     0.234943     2.288383  0.745779
124  3.187874     0.097915     2.288383  2.523936
125  3.165142     0.091295     1.776170  1.507355
126  1.294271     0.082585     1.414051  0.544800
127  0.913567     0.257236     8.262116  0.745779
128  2.057059    -0.020044     8.262116 -1.151127
129  1.674953    -0.016204     7.995012 -0.436989
130  1.888375    -0.010931     6.475572 -1.013953
131  1.816082     0.044328     3.170184  0.745779
132  2.329321     0.005193     8.262116 -1.965478
133  2.915535     0.142472     6.757243  2.045114
134  2.778928     0.129481     3.314229  2.474302
135  0.933967     0.258732     4.216587  0.745779
136  1.357157     0.064167     4.216587 -0.048766
137  3.018039     0.104531     1.883378  1.629768
138  2.197055    -0.007765     8.407485 -1.137211
139  0.969159     0.231772     2.283589  0.745779
140  3.455196     0.062964     2.283589  2.931199
141  2.095089     0.018709     2.302143 -2.043163
142  1.780872    -0.016864     3.816034 -0.928204
143  0.908110     0.260053     8.949800  0.745779
144  2.781216    -0.014192     8.949800 -2.742964
145  1.305690     0.076994     1.632541  0.759018
146  1.207099     0.121611     3.716759  0.204316
147  1.391357     0.041357     1.581558  0.745779
148  2.220439     0.195266     8.949800  2.057187
149       NaN          NaN     0.525917  2.297567
150  1.733992    -0.025403     0.856071 -0.790450
151  0.776833     0.328236     5.337797  0.745779
152  0.882570     0.272492     5.337797  0.647613
153  2.549911     0.005754     5.228714 -2.692432
154  0.875314     0.276580     9.303670  0.765396
155  3.822995    -0.034652     0.558121  0.765396
156  1.809463     0.003194     9.303670 -0.890449
157  2.582069     0.109367     3.906993  2.411421
158  0.771988     0.331588     9.462885  1.003542
159  0.738820     0.349169     9.095795  1.003542
160  1.399880     0.055402     9.095795  0.049680
161  1.605205     0.255497     8.824471  1.807992
162  2.676014     0.101356     4.561492  2.894540
163  1.083903     0.176014     2.508568  1.003542
164  1.592221    -0.003392     9.095795 -0.176880
165  2.060098     0.209886     9.977695  2.124780
166  2.013773    -0.021905     0.222358 -0.303737
167  0.756620     0.367435     5.393476  1.003542
168  1.685161     0.001178     5.393476 -0.641673
169  2.154450    -0.034528     4.745546 -1.577100
170  2.081661     0.067126     1.568341  1.054658
171  1.831473     0.227533     3.797498  1.003542
172  2.029899    -0.020665     5.393476 -1.408238
173  1.958525    -0.008930     0.693699 -2.047990
174  2.567957    -0.021361     5.241686 -2.201079
175  0.721371     0.358518     8.989202  1.003542
176  1.875672    -0.022088     8.989202 -0.825337
177  1.728770    -0.027040     5.235641 -0.662121
178  1.579447     0.001191     0.411500 -0.838327
179  3.723512     0.036648     0.795618  1.003542
180  1.980705     0.035168     8.989202 -1.224560
181  1.247614     0.105774     5.617167  0.260775
182  1.509100     0.214463     6.823385  2.891597
183  0.772789     0.377954     5.045839  1.003542
184  0.943777     0.242000     5.045839  0.531462
185  1.849793    -0.030053     0.799085 -1.770868
186  2.125974     0.144881     3.793027  1.218419
187  0.698726     0.374373     7.601381  1.003542
188  2.330189    -0.012794     7.601381 -1.669454
189  2.270204    -0.007677     7.660323 -1.686225
190  0.755870     0.355824     9.536845  1.289370
191  0.805640     0.357000     5.113133  1.003542
192  2.278373     0.186559     7.601381  2.015117
193  1.542758    -0.006125     2.720816 -0.285305
194  2.006278    -0.017961     8.005046 -1.182421
195  0.697985     0.374150     7.655715  1.003542
196  1.800862     0.165069     7.655715  2.968886
197  2.358765     0.104332     4.680112  2.333144
198  0.772693     0.360973     5.196441  0.981902
199  0.906798     0.261580     2.872156  1.003542
200  1.059848     0.274371     7.655715  2.545604
201  0.737941     0.351400     7.842013  1.028719
202  2.605707     0.163741     9.731884  2.403983
203  0.711686     0.373203     6.325197  1.028719
204  1.591611    -0.009479     6.325197 -0.184798
205  1.321220     0.079890     9.467462  0.312834
206  2.973051     0.137913     7.640425  2.356839
207  0.723140     0.357913     9.524659  1.028719
208  1.370277     0.063857     9.524659  0.160171
209  1.459429     0.034099     6.902595 -0.111952
210  2.588383    -0.010099     4.355568 -2.670480
211  0.754445     0.341287     9.670663  1.028719
212  2.664485    -0.006609     9.670663 -2.272501
213  3.175807     0.056627     2.183682  1.838633
214  2.197553     0.198465     8.702126  1.986815
215  0.704687     0.382399     5.980572  1.028719
216  1.084564     0.313830     5.980572  1.254748
217       NaN          NaN     0.236498  1.165407
218  2.198553     0.094562     3.217485  1.635698
219  0.788116     0.323910     9.410326  1.028719
220  0.868767     0.326742     5.980572  2.074627
221  1.657294     0.011249     2.600635  0.468860
222  2.298673    -0.020297     5.464714 -1.927894
223  0.733158     0.354267     7.742075  1.028719
224  1.285990     0.244138     7.742075  2.712931
225  1.441944     0.031804     2.651218 -0.292584
226  1.572862     0.000029     1.263030 -0.651809
227  2.269782     0.176930     3.269794  1.028719
228  1.748222     0.038336     7.742075 -0.872357
229  1.806916     0.010381     8.436489 -0.978316
230  1.237488     0.285447     9.490421  1.732246
231  0.751984     0.362304     5.836700  1.028719
232  1.698691     0.183378     5.836700  2.552928
233  0.702873     0.370221     5.943405  0.880013
234  1.825329    -0.004493     2.442060 -1.371662
235  0.800333     0.315386     9.219811  0.880013
236  2.232776     0.197852     5.943405  1.532025
237  3.517462     0.062058     1.679751  2.425223
238  2.898921     0.150466     4.591380  1.458807
239  1.026177     0.203833     2.438241  0.880013
240  1.702715     0.200350     5.943405  2.852024
241  0.807636     0.346754     9.430748  1.409316
242  2.491727    -0.001968     2.626387 -2.976325
243  1.947355     0.087829     3.492235  0.880013
244  1.663635    -0.011923     5.943405 -0.478007
245  2.581278    -0.009934     6.752889 -2.890956
246  2.419406    -0.019123     4.773758 -1.944193
247  0.742376     0.349078     6.133758  0.880013
248  0.867538     0.280218     5.943405  0.616542
249  2.025096    -0.003651     9.336377 -1.040936
250  1.599365    -0.019612     3.049007 -0.470665
251  1.640548    -0.050851     1.536052  0.880013
252  2.524741     0.028141     5.943405 -2.971705
253  2.228364     0.020177     5.956841 -1.990876
254  2.672197     0.157739     7.624513  2.121926
255  0.936195     0.247353     2.600149  0.880013
256  1.724579    -0.034254     5.943405 -0.569343
257  2.379122    -0.034086     3.081087 -2.224721
258  3.257764     0.062961     3.071565  2.898420
259  0.772411     0.330167     9.694910  0.880013
260  1.400824     0.233615     5.943405  2.477450
261  3.551779     0.062294     1.414214  1.571033
262  1.880981    -0.019493     5.962716 -0.951817
263  0.841394     0.294196     8.885038  0.880013
264  0.935669     0.298737     5.943405  2.010259
265  1.304110     0.081112     3.302946  0.131234
266  0.893242     0.272361     3.738870  1.337542
267  0.707947     0.365865     7.349097  0.880013
268  2.015028     0.012498     7.349097 -1.380485
269  2.309136    -0.012608     5.338528 -2.065689
270  0.929985     0.248995     6.345712  0.590890
271  0.685644     0.382259     5.570644  0.880013
272  2.349054     0.183723     5.570644  1.462503
273  1.299384     0.223782     8.225050  2.760211
274       NaN          NaN     0.935974  2.225489
275  0.997137     0.217440     2.549631  0.880013
276  1.910174    -0.005964     5.570644 -1.253458
277  2.174745    -0.028524     1.902743 -1.955475
278  1.452514     0.032322     5.236190 -0.074664
279  1.527840     0.011831     1.374116  0.880013
280  0.734401     0.378687     5.570644  1.030085
281  1.141458     0.297261     9.317796  1.675538
282  2.630649     0.018704     8.033987 -2.629821
283  0.750163     0.343425     6.328031  0.880013
284  2.170981    -0.010861     5.570644 -1.501678
285  2.376554    -0.029068     3.278817 -2.471442
286  2.568373     0.122950     4.882534  2.942681
287  0.773322     0.330755     6.677814  0.880013
288  1.908055    -0.012942     5.570644 -1.014071
289  1.134618     0.152995     4.132079  0.347685
290  2.041612    -0.026013     1.727391 -1.941014
291  0.683444     0.379527     7.327531  0.880013
292  2.066659    -0.022627     7.327531 -1.231378
293  1.210143     0.246064     6.849906  2.479742
294  1.132070     0.156475     8.309056  0.465131
295  0.707445     0.366920     6.518416  0.880013
296  2.278259     0.197693     7.327531  1.813988
297  2.537557     0.003050     8.192768 -2.221909
298  3.017517     0.090554     2.725396  2.278628
299  0.734234     0.351198     7.523790  0.880013
300  1.999751    -0.012847     7.327531 -1.142468
301  1.257307     0.283070     9.486844  1.743584
302       NaN          NaN     1.147379  1.369103
303  1.057593     0.188967     2.408436  0.880013
304  2.577382     0.167131     7.327531  1.933199
305  2.657289     0.035874     9.489632 -2.846242
306  1.702070     0.021765     0.457805 -1.827424
307  0.754845     0.339680     7.937031  0.880013
308  2.095703    -0.033392     7.327531 -1.144301
309  1.907978     0.227284     9.625198  2.020958
310  1.990603     0.224704     9.486996  2.045352
311  0.736324     0.357842     5.228052  0.880013
312  1.778276    -0.028163     7.327531 -0.606663
313  2.487092    -0.018694     6.855348 -1.919416
314  2.512316    -0.013907     9.244434 -1.847604
315  0.753163     0.342843     5.861359  0.880013
316  0.804522     0.350330     7.327531  1.243607
317  1.161232     0.143317     6.970490  0.386324
318  2.511356     0.114071     4.715687  2.473466
319  3.624393    -0.028169     0.826024  0.880013
320  1.700923     0.023317     7.327531 -0.904560
321  2.817799    -0.006918     7.568958 -2.517779
322  2.724663    -0.012414     7.925047 -2.634300
323  0.761282     0.336565     7.289607  0.880013
324  1.759936    -0.024359     7.327531 -0.654456
325  2.633385    -0.026388     3.196471 -2.737755
326  0.743063     0.363148     9.210205  1.291269
327  2.278487     0.038312     3.349609  0.880013
328  1.582690    -0.013623     7.327531 -0.023087
329  1.385391     0.054010     6.820333  0.157400
330  3.103310    -0.013052     9.610409 -2.905265
331  0.851108     0.315347     4.628781  0.880013
332  0.871354     0.278471     7.327531  0.675447
333  2.087718    -0.026231     2.697943 -1.711718
334  2.799435     0.160132     6.005293  1.783080
335  0.725515     0.363571     5.310034  0.880013
336  2.716010     0.154366     7.327531  2.142672
337  0.744884     0.346910     8.474621  1.016899
338       NaN          NaN     0.361995  1.610972
339  1.982565    -0.054127     1.250307  0.880013
340  0.869141     0.333634     7.327531  1.294798
341  0.750457     0.354662     9.763655  1.280190
342  2.160336     0.205177     8.929263  2.020462
343  0.970396     0.230147     2.540956  0.880013
344  1.260203     0.102800     7.327531  0.306002
345  1.910058    -0.015703     3.835504 -1.213884
346  2.129756    -0.019159     9.652108 -1.033491
347  0.743949     0.345543     9.335231  0.880013
348  2.774928    -0.005397     7.327531 -2.860146
349  2.356419     0.145046     3.824871  1.212506
350  2.644816     0.006418     7.270882 -2.384114
351  0.748836     0.343240     6.977602  0.880013
352  1.958444    -0.025633     7.327531 -0.948960
353  1.743360    -0.012379     7.599251 -0.670969
354  2.711826    -0.029872     6.234513 -2.381172
355  0.746246     0.344360     7.654975  0.880013
356  2.801200    -0.017597     7.327531 -2.626085
357  2.761641     0.108069     2.722454  1.913358
358  1.562638     0.001439     4.731478 -0.363224
359  0.781820     0.347795     4.734742  0.880013
360  1.175425     0.254177     7.327531  2.531321
361  2.603895    -0.015309     0.483302  0.469194
362  2.285707     0.195657     8.815559  2.097364
363  1.073372     0.181674     2.289153  0.880013
364  0.738160     0.349067     7.327531  0.851893
365  2.082219     0.002181     4.546411 -1.877543
366  1.777372    -0.036182     0.681456 -1.327353
367  0.773710     0.329606     8.346345  0.880013
368  2.299066     0.192749     7.327531  1.824123
369  2.770002    -0.001104     4.861348 -2.966659
370  2.808367     0.002548     8.816272 -2.744844
371  3.829711    -0.026457     0.722883  0.880013
372  1.771037    -0.034581     7.327531 -0.485842
373  1.879309    -0.023894     5.482048 -0.850744
374  1.742805    -0.026566     7.848962 -0.416310
375  1.186529     0.129676     2.217432  0.880013
376  1.652835    -0.020137     7.327531 -0.336925
377  3.666599     0.041971     1.352863  1.379333
378  0.729369     0.367770     6.616453  1.068935
379  3.862406     0.001562     0.616282  0.880013
380  1.566902     0.001781     7.327531 -0.212818
381  2.599764    -0.016086     3.154567 -2.744902
382  1.757976    -0.041710     3.525439 -0.687915
383  0.758824     0.337546     7.942049  0.880013
384  2.790206     0.155190     7.327531  2.122557
385  2.485904    -0.004360     7.864111 -2.247893
386  0.822176     0.347026     6.173926  1.127332
387  1.503901    -0.005523     1.693272  0.880013
388  2.302311     0.194573     7.327531  1.827892
389  1.177360     0.137244     6.278759  0.279469
390  2.138319     0.005991     2.825103 -2.093155
391  1.161887     0.140518     1.993262  0.880013
392  1.351442     0.067210     7.327531  0.192230
393  1.353967     0.059264     0.968864 -0.278480
394  3.272353     0.069930     2.508380  2.544320
395  0.785690     0.340507     4.852754  0.880013
396  1.599492     0.001813     7.327531 -0.335179
397  1.634337    -0.007831     0.335599 -0.962695
398  2.391561    -0.022020     7.872783 -1.701902
399  0.789461     0.321150     8.504873  0.880013
400  1.592644     0.016807     7.327531 -0.433830
401  2.447726     0.011440     7.487218 -2.461280
402  1.445961     0.034699     0.416816 -1.262976
403  1.546688     0.160972     3.697753  0.880013
404  1.229110     0.114220     7.327531  0.380508
405  1.634480    -0.027401     1.600630 -0.802775
406  1.334057     0.231675     8.022881  2.836968
407  0.823820     0.303075     9.954561  0.880013
408  1.615063     0.004332     7.327531 -0.399864
409  2.006092    -0.034327     1.833401 -1.596653
410  2.411988    -0.026273     7.080209 -1.956474
411  1.773789     0.126668     3.545804  0.880013
412  1.563511     0.258779     7.327531  1.591640
413  2.030921     0.142789     5.333132  2.864989
414  0.787395     0.344575     8.937509  1.307297
415  0.723754     0.357028     7.384225  0.880013
416  1.170287     0.306601     7.327531  1.470300
417  1.890594     0.222881     5.219169  1.312760
418  1.108591     0.267544     8.361539  2.664996
419  1.207838     0.119786     1.996160  0.880013
420  2.444186     0.011786     7.327531 -2.556301
421  1.950727     0.224375     8.762677  1.923825
422  1.776685    -0.012359     0.625479 -1.748371
423  0.834540     0.323551     4.550372  0.880013
424  2.590279    -0.016829     7.327531 -2.347958
425  1.955596    -0.040409     4.038484 -1.122922
426  1.914047    -0.010759     0.586089  0.293197
427  0.746599     0.349005     5.506728  0.880013
428  2.784880    -0.020037     7.327531 -2.954871
429  2.423762    -0.008788     9.025485 -1.942274
430  2.191365     0.207984     8.776842  2.056081
431  0.909988     0.309456     4.373155  0.880013
432  1.020219     0.206740     7.327531  0.509803
433  2.014941    -0.014242     4.440980 -1.395212
434  1.832319    -0.011923     5.437053 -0.935900
435  0.725699     0.356729     6.548055  0.880013
436  2.401603     0.010262     7.327531 -1.975043
437  1.880984    -0.026803     7.478292 -0.864011
438  2.715637    -0.024874     8.975764 -2.296392
439  0.760820     0.336416     9.253416  0.880013
440  2.573857    -0.018515     7.327531 -2.266827
441  1.189169     0.130698     6.610423  0.387639
442  3.632900     0.059891     1.330566  1.768667
443  0.987469     0.280729     4.241209  0.880013
444  2.042914    -0.015418     7.327531 -1.256309
445  2.940568     0.139760     8.261090  2.481034
446  1.741683     0.000776     0.708332 -1.853905
447  2.548117     0.001902     2.938322  0.880013
448  2.465834    -0.009628     7.327531 -1.925236
449  1.476259     0.020082     3.572092 -0.190431
450  2.609330     0.098896     4.149375  2.331844
451  0.786792     0.340917     4.858848  0.880013
452  1.814340    -0.023413     7.327531 -0.685469
453  2.525892    -0.033389     3.573826 -2.433150
454  1.235678     0.110500     4.651050  0.223972
455  1.133432     0.153507     2.103478  0.880013
456  1.818418     0.146198     7.327531  2.955783
457  1.966140     0.004973     9.055053 -1.151497
458  2.672301    -0.012828     5.722773 -2.529323
459  1.378780     0.045522     1.747530  0.880013
460  1.097115     0.171167     7.327531  0.469044
461  2.086229    -0.027674     5.962007 -1.412171
462  0.795436     0.317877     9.461980  0.841801
463  0.727831     0.359937     5.496174  0.880013
464  1.824241    -0.035090     7.327531 -0.669456
465  2.134003    -0.023659     1.241109 -2.259166
466  2.336097    -0.001065     7.673132 -2.110601
467  1.558867    -0.017076     1.420248  0.880013
468  2.441497    -0.005168     7.327531 -2.104875
469       NaN          NaN     0.180488  1.616504
470  2.838301    -0.029867     0.356101  0.411597
471  0.700769     0.370504     6.801983  0.880013
472  2.723453    -0.004013     7.327531 -2.835095
473  1.706962    -0.017264     1.424960 -1.210917
474  1.642399    -0.027847     2.391313 -0.642091
475  0.775703     0.328414     9.595917  0.880013
476  1.847518    -0.026172     7.327531 -0.751557
477  1.896767     0.185693     5.699842  2.485762
478  1.416723     0.036107     0.682798 -0.517089
479  0.805206     0.312833     9.793351  0.880013
480  2.834487    -0.002780     7.327531 -2.907289
481  2.361439     0.189705     8.033373  1.956158
482       NaN          NaN     0.826929  2.872604
483  1.111492     0.162851     2.339398  0.880013
484  2.867285     0.146082     7.327531  2.271415
485  1.349253     0.063464     0.659861 -0.715687
486  2.756523     0.002663     8.857282 -2.655800
487  0.733799     0.351256     7.836753  0.880013
488  1.663760     0.183584     7.327531  2.935810
489  1.409265     0.042360     2.282003 -0.163403
490  1.591960    -0.006442     0.414566 -0.832775
491  1.054780     0.190186     2.389100  0.880013
492  0.727837     0.362866     7.327531  1.104230
493  2.446491     0.000272     4.187281 -2.500777
494  1.560381     0.002991     9.719411 -0.033340
495  0.706517     0.366581     7.519741  0.880013
496  2.184149    -0.003014     7.327531 -1.754368
497  1.377907     0.276981     9.129336  1.748031
498  0.879885     0.288259     4.341947  0.779220
499  0.789200     0.321184     8.930771  0.880013