error: 0.76 | highest correlation: nan
best global temp: 4.325051961224517 | best alpha: 1.0314446270931512 | best average temperature: 1.06
time scale: <class 'ising.Jij_sorted_ising'> | partial correlation: True

        error  correlation  global temp     alpha
0    0.929660     0.222862     6.553123  0.730329
1    1.759539     0.012469     9.565568 -1.616431
2    1.707329     0.037584     2.809983 -2.672016
3    2.055947     0.006907     5.210019 -2.672016
4    1.207479     0.110491     5.210019  1.725600
5    1.587099     0.006737     0.325435 -2.326389
6    2.025870    -0.019859     8.094278 -2.057545
7    1.884898     0.016223     8.092295 -2.057545
8    1.651851    -0.018270     8.092295 -1.246561
9    0.847962     0.264169     4.027455  0.713594
10        NaN          NaN     0.304124  1.190263
11   0.995807     0.190881     7.306353  0.713594
12   0.798786     0.289717     7.306353  1.139289
13   1.881920     0.083543     5.844667  2.508388
14   1.227781     0.088659     5.340474  0.249616
15   2.436554    -0.013528     0.239805  0.249616
16        NaN          NaN     0.239805  2.727645
17   0.811122     0.283392     7.415877  1.725688
18   1.822657     0.027916     5.964044  2.308971
19   1.346848     0.109867     7.178090  2.308971
20   0.958203     0.213117     7.178090  2.098164
21   0.881667     0.247121     2.882700  0.790341
22        NaN          NaN     0.923185  1.918488
23   1.020075     0.179445     2.221399  0.790341
24   1.379479     0.029433     2.221399 -0.394324
25   2.068006    -0.016365     6.880082 -2.290587
26   1.016488     0.181164     4.699849  0.449741
27   1.141826     0.124951     6.348484  0.449741
28   0.837186     0.269560     6.348484  0.952258
29   0.765872     0.307348     5.877534  1.381308
30   1.564656     0.023955     6.780844 -1.247214
31   1.515266     0.004875     2.647674 -1.247214
32   1.418451     0.019175     2.647674 -0.765151
33   1.702001     0.019232     2.434831 -2.504407
34   1.051390     0.165156     5.528295  0.482775
35   1.097283     0.144685     6.553987  0.482775
36   0.789484     0.294684     6.553987  1.628281
37   2.109057     0.063944     3.354450  1.966255
38   2.068708    -0.019504     1.847325  2.259130
39        NaN          NaN     0.382778  2.259130
40   1.793950     0.034632     1.847325 -2.648765
41   1.013112     0.182856     6.362789  0.583773
42   1.177254     0.110527     5.108829  0.229813
43   1.199514     0.100549     5.311162  0.229813
44   1.532439     0.006919     5.311162 -0.884739
45   1.478291    -0.005633     0.810934 -1.194999
46   1.424647     0.018940     4.059290 -0.535375
47   1.391257     0.025656     1.997695 -0.535375
48   1.351868     0.039237     1.997695  1.083728
49   1.346227     0.044717     3.940793 -0.215860
50   1.556799     0.065877     7.752544  2.886421
51   2.458289     0.050961     6.284827  2.886421
52   1.494534     0.004925     6.284827 -0.739605
53   1.328469     0.049743     4.278986 -0.035928
54   2.330311     0.004219     3.207659  2.136503
55   2.201570     0.029104     3.872559  2.136503
56   1.824387     0.080765     3.872559  2.233300
57   1.636375     0.055822     1.268164 -2.574300
58   0.994178     0.198198     6.585205  1.948338
59   1.931086     0.115933     3.836733  1.948338
60   1.134776     0.127706     3.836733  0.196375
61   1.915724    -0.000850     2.611255  1.624034
62   1.594599     0.050342     4.373334  1.798178
63   0.793552     0.292621     7.562682  1.798178
64   1.606319     0.093495     7.562682  2.643057
65   0.785140     0.296990     8.774585  1.359635
66   1.519033    -0.017560     4.417834 -0.559263
67   1.417706     0.022982     5.591927 -0.559263
68   1.186675     0.124425     5.591927  1.855234
69   1.474179     0.014565     8.601681 -0.681776
70   2.486827     0.040135     8.495363  2.454447
71   1.563979    -0.002607     9.110316 -0.681776
72   1.946608    -0.005290     9.110316 -1.891374
73   1.520264    -0.009930     6.393080 -0.597961
74   1.429514     0.011046     1.486694 -0.740293
75   1.535478    -0.015302     6.348042 -0.740293
76   1.734791     0.054581     6.348042  2.556781
77   1.140135     0.152960     9.993867  2.762321
78   0.779483     0.300051     7.578795  1.762191
79   0.770489     0.304951     9.475468  1.762191
80   1.842306     0.001095     9.475468 -2.121545
81   1.834929     0.009388     5.026355 -2.533884
82   1.408234     0.026674     6.951667 -0.516866
83   0.785480     0.296888     7.699182  1.762191
84   2.114755     0.007332     7.699182 -2.535790
85   1.944580    -0.012838     3.601423 -2.596393
86        NaN          NaN     0.700963  2.017031
87   0.895800     0.240561     6.260525  1.762191
88   1.473900     0.000603     6.260525 -0.400620
89   1.429033     0.017099     5.204258 -0.332472
90   2.328416     0.004046     3.637217  1.807906
91   1.124050     0.147995     5.691473  1.762191
92   1.900237    -0.009363     5.691473 -2.473210
93   0.789645     0.294625     7.770578  1.697575
94   1.464673     0.068670     4.687624  1.927400
95   3.369989     0.052162     1.664610  1.697575
96   0.804015     0.286919     7.770578  1.321651
97   1.710042     0.019011     1.857855 -2.530714
98   3.738970     0.013385     1.573708  2.355848
99   0.957303     0.209364     3.998895  1.321651
100  1.912223     0.060762     3.998895  1.930271
101  1.407105     0.022375     0.395060 -1.968930
102  2.556618     0.058319     3.543252  2.567336
103  2.272433     0.051326     1.428574  1.321651
104  0.787321     0.296251     3.998895  0.906293
105  1.414942     0.025027     7.837947 -0.317027
106  2.259077     0.059779     3.957873  1.967327
107       NaN          NaN     0.585212  0.906293
108  1.445377     0.037967     3.998895 -1.178907
109  0.847843     0.264041     6.767572  0.939898
110  1.685254     0.054322     5.659612  2.002425
111  0.816727     0.280331     5.914963  0.939898
112  1.838521    -0.008228     5.914963 -2.153588
113  1.456989     0.003818     3.678155 -0.399296
114  1.368757     0.039957     9.757853  0.119706
115  0.792133     0.293459     5.057338  0.939898
116  1.818874     0.041319     5.057338  2.743214
117  1.357655     0.090496     8.722534  2.550034
118  1.773847     0.030424     3.636351 -2.453503
119  1.005848     0.186016     2.669072  0.939898
120  2.214913     0.069576     2.669072  2.640710
121  1.129311     0.151228     9.530310  2.625491
122  1.247242     0.125034     8.568894  2.596285
123  2.459469     0.058265     7.354416  2.596285
124  0.805354     0.286593     8.568894  2.002249
125  1.509527    -0.000838     1.696027 -1.311443
126  1.939788     0.076071     6.583599  2.665871
127  2.529845     0.060223     3.127301  2.002249
128  1.113209     0.155934     8.568894  2.392089
129  0.786452     0.296396     9.401451  1.826987
130  0.794626     0.292013     8.808124  1.558204
131  2.831382    -0.076273     1.662664  1.558204
132  1.366287     0.042732     8.808124 -0.145208
133  1.437609     0.011987     4.485487 -0.364707
134  1.797114    -0.032358     1.154299 -1.990490
135  1.372625     0.077894     3.512296  1.558204
136  1.501404     0.049735     8.808124 -1.333988
137  1.840266     0.013942     2.225391 -2.045789
138       NaN          NaN     0.707660  1.940479
139  0.796873     0.290799     8.229600  1.558204
140  0.815500     0.281254     8.229600  1.964660
141  1.699934     0.032571     3.011057 -2.715389
142  1.857490     0.014683     9.597207 -2.210235
143  0.782588     0.298545     9.450821  1.964660
144  1.025347     0.177833     9.450821  0.683011
145  1.114764     0.135326     2.016435  0.064721
146  2.046133    -0.012606     4.028370 -2.595426
147  1.399563     0.091317     5.807757  1.964660
148  1.862412     0.019975     9.450821 -2.496181
149  1.554007     0.070756     4.490021  1.851276
150  1.629876     0.042151     4.267786 -1.772547
151       NaN          NaN     0.258855  1.964660
152  1.851241    -0.002680     9.450821 -1.741905
153  1.499515     0.024056     6.144484 -0.771068
154  1.713915     0.002691     1.234044 -2.952851
155  0.787657     0.295817     9.440148  1.964660
156  0.854216     0.260823     9.440148  1.023413
157  0.789659     0.294576     5.522737  1.388827
158  1.465638     0.018887     7.366189 -1.045917
159  0.807630     0.285094     9.255726  1.388827
160  0.835281     0.270572     9.255726  1.244949
161  1.651346     0.009936     4.130133 -2.299172
162  1.521259    -0.002239     3.404319 -1.027148
163  0.817674     0.279741     8.670162  1.244949
164  2.032809     0.001626     8.670162 -2.372454
165  1.527079     0.013013     0.136914 -0.664801
166  1.686185     0.008446     2.311193  2.072578
167  0.808806     0.284367     7.527524  1.244949
168  1.998490     0.005116     7.527524 -2.530780
169  2.585740    -0.061998     1.736079  1.805529
170  1.005727     0.185962     2.801356  0.977837
171  0.831548     0.272468     8.260666  1.244949
172  1.431649     0.017521     8.260666 -0.153718
173  0.886123     0.246305     7.876278  2.138329
174  1.429176     0.081554     3.925654  1.817947
175  0.803206     0.287378     8.404352  1.244949
176  1.653511     0.001880     8.404352 -1.730841
177  1.835785     0.011964     3.334795 -2.442657
178  1.770121     0.104071     5.666964  2.308193
179  0.820430     0.278280     8.088685  1.244949
180  1.532983     0.008141     8.088685 -1.021528
181  1.292490     0.062840     7.831963  0.380594
182  1.699079     0.004817     2.006762 -2.324496
183  0.768812     0.305729     6.129052  1.244949
184  1.471536     0.000814     6.129052 -0.393119
185  1.619215     0.110438     3.524408  2.918619
186  1.366453     0.041850     7.700911 -0.090734
187  0.856168     0.259806     9.812963  1.244949
188  2.171078     0.057659     6.129052  2.961504
189  1.774611    -0.008545     6.425229 -1.570559
190  1.462526     0.022924     0.132651 -2.644349
191  0.809278     0.284162     8.537507  1.244949
192  1.440251     0.014930     8.537507 -0.200981
193  1.908366     0.030971     1.532459 -2.850899
194  1.755553     0.008512     1.788709 -2.682124
195  0.827160     0.274778     8.827843  1.244949
196  1.824514    -0.011238     8.827843 -1.456001
197  1.381574     0.029335     6.000996  0.136003
198  1.493000    -0.003404     5.292057 -0.669429
199  0.768481     0.305977     5.356504  1.244949
200  1.620626     0.096722     5.356504  2.061839
201  0.804027     0.287226     9.021639  2.003838
202  1.601223     0.056858     9.364391  2.965713
203  0.765310     0.307758     5.072032  1.244949
204  1.729152     0.038117     5.072032 -2.510995
205  1.452211     0.025003     0.372965 -2.802501
206       NaN          NaN     0.210967  1.775536
207  0.811428     0.282997     7.982332  1.244949
208  1.644636     0.070420     5.072032  2.187454
209  2.601536    -0.010062     5.071698  2.703636
210  1.416109     0.027424     0.227115 -1.976709
211  0.811013     0.283303     4.406258  1.244949
212  0.898993     0.238054     4.406258  0.623483
213  1.740725     0.009623     2.281265 -2.058870
214       NaN          NaN     1.455261  2.474503
215  1.716003     0.049132     2.185059  1.244949
216  2.523003     0.057151     4.406258  2.673207
217  0.786528     0.296217     7.495432  1.381272
218  1.419576     0.022530     9.953832 -0.398856
219       NaN          NaN     0.609869  1.381272
220  1.483725     0.022273     7.495432 -0.508558
221  0.890247     0.242560     7.167839  0.782098
222  1.447085     0.005453     2.437822 -0.470454
223  0.790668     0.294000     6.110812  1.381272
224  2.087587     0.000370     6.110812 -2.463957
225  1.789861     0.030053     3.144417 -2.636310
226  1.892971     0.022487     8.125161 -2.569422
227  0.798685     0.289740     7.649564  1.381272
228  1.306189     0.059528     7.649564  0.241835
229  2.215008    -0.005864     6.790930 -2.933632
230  1.185903     0.127318     6.245286  2.021497
231  0.813564     0.281978     9.797677  1.381272
232  1.406222     0.027257     9.797677 -0.159932
233  1.790522     0.085382     4.838829  2.258891
234  2.726600     0.137078     2.200798  1.838437
235  0.785612     0.296719     7.614719  1.381272
236  1.372126     0.036374     7.614719  0.064381
237  1.835726    -0.001929     5.959326 -2.318492
238  1.893394    -0.019771     5.677764 -2.044297
239  0.794756     0.291885     9.121693  1.381272
240  1.317627     0.056638     9.121693  0.193704
241  1.380456     0.037230     7.467968 -0.167483
242  2.114682     0.069780     3.847908  2.108785
243  0.801837     0.288113     9.048286  1.381272
244  0.923469     0.230411     9.048286  2.373765
245  0.912298     0.231564     3.959733  1.312338
246  1.451579     0.092508     7.142527  2.594559
247  1.415094     0.003908     1.358760  1.381272
248  0.915883     0.229723     9.048286  0.937501
249  1.570334     0.014049     2.625164 -1.856704
250  1.409188     0.020665     2.468152 -0.569473
251  0.813040     0.282148     5.447545  1.381272
252  1.885258    -0.006998     5.447545 -2.295610
253  1.540852     0.045472     2.785293 -1.918608
254  1.948445     0.084010     5.955015  2.461728
255  0.810913     0.283302     5.109405  1.381272
256  1.109461     0.138691     5.109405  0.387081
257  1.043981     0.167644     1.855131  0.232169
258  1.741704    -0.000552     6.431252 -1.762066
259  1.855865     0.049325     2.635685  1.381272
260  2.039819     0.000148     5.109405  2.840472
261  1.633857     0.023346     7.960184 -1.856666
262  1.433505     0.006171     0.643000 -0.495509
263  0.808500     0.284634     9.495636  1.381272
264  0.807651     0.285060     9.495636  1.269175
265  1.504213    -0.003528     4.133376 -0.802023
266  2.010457     0.002214     6.198176 -2.469128
267  0.776911     0.301372     5.909367  1.269175
268  1.327859     0.050822     5.909367  0.064520
269  1.495166    -0.002755     5.200733 -0.958842
270  1.522595    -0.003265     5.071812 -1.127596
271  0.797454     0.290429     4.982530  1.269175
272  1.529266     0.015017     4.982530 -1.244529
273  0.798926     0.289825     9.667292  1.715990
274  1.387125     0.033621     6.321883 -0.257600
275  0.870545     0.253143     6.077691  1.715990
276  1.813569     0.014197     9.667292 -1.658425
277  1.556510    -0.010512     4.839275 -0.818788
278  0.964077     0.206454     8.157184  0.716782
279  0.814360     0.281636     7.045708  1.715990
280  1.582253     0.097303     7.045708  2.655067
281  1.490076     0.007589     5.386043 -0.956809
282  1.033542     0.181676     7.388858  2.199412
283  1.532465     0.060586     3.357534  1.715990
284  1.629652     0.082525     7.045708  2.539755
285  1.738120     0.029939     5.138183 -1.894481
286  1.374980     0.034644     3.415355 -0.312261
287  0.826976     0.275152     6.573235  1.715990
288  2.155013     0.003822     6.573235 -2.974743
289  1.341475     0.052146     9.895389  0.033949
290  0.879980     0.247661     4.853143  0.687238
291  2.176788     0.077168     3.021036  1.715990
292  1.475702     0.077479     6.573235  2.067891
293  1.664913     0.047414     1.423981 -2.733861
294  0.967273     0.204474     2.236387  0.650524
295  0.841153     0.267860     6.867229  1.715990
296  1.390829     0.031827     6.573235 -0.189845
297  1.460792     0.000395     3.745471 -0.337397
298  0.795862     0.291299     5.920326  1.065723
299  0.773018     0.303861     4.176802  1.065723
300  2.542720     0.005498     4.176802  2.339198
301  0.904307     0.235398     4.261928  0.590390
302  1.626832    -0.011565     4.829248 -1.097143
303       NaN          NaN     0.779643  1.065723
304  1.588413     0.068628     4.176802  1.739930
305  1.433161     0.008717     0.799613 -1.207216
306  0.897962     0.241370     7.652071  2.115782
307       NaN          NaN     0.158429  1.065723
308  1.826418     0.002475     4.176802 -2.653507
309       NaN          NaN     0.645607  2.285417
310  1.379550     0.030630     3.560659 -0.152553
311       NaN          NaN     0.989187  1.065723
312  1.396301     0.025745     4.176802 -0.262302
313  1.109506     0.137299     1.512709  0.087252
314  1.784938    -0.002474     7.895166 -1.303698
315  0.820270     0.278401     7.894677  1.065723
316  0.974323     0.200965     4.176802  0.499424
317  1.280307     0.070294     6.194976  0.075007
318  1.589084     0.018151     1.168165 -2.083547
319  0.803859     0.287147     4.438026  1.065723
320  1.973514     0.007982     4.176802  2.067088
321  1.478777    -0.005517     2.023518 -0.886632
322  2.146819    -0.027833     5.135313 -2.396581
323  0.846590     0.264849     3.460748  1.065723
324  2.101631     0.012873     4.176802 -2.922431
325  1.479436     0.018450     3.493975 -0.899017
326  1.875127     0.011928     9.240579 -2.497415
327  0.947043     0.214496     3.152571  1.065723
328  2.743430     0.131821     4.176802  2.946199
329  2.666561     0.120851     2.570166  2.257870
330  1.402338     0.025757     9.614086  0.072833
331  0.801338     0.288371     6.819091  1.065723
332  2.138640     0.103297     4.176802  2.836773
333  1.482217    -0.005471     4.271675 -0.468939
334  1.536676     0.007164     1.761263 -1.324891
335  0.846378     0.264832     9.136159  1.065723
336  1.419863     0.050394     4.176802  1.607909
337  0.814542     0.281570     9.691848  1.537573
338  1.311961     0.051150     3.310141  1.814515
339       NaN          NaN     0.470509  1.065723
340  1.376433     0.029404     4.176802  0.006459
341  1.502688     0.094717     3.900749  1.837011
342  2.068862     0.003614     4.145414 -2.997316
343  2.081761     0.004946     1.481436  1.065723
344  0.783520     0.298126     4.176802  1.070324
345  1.567135     0.026977     5.482926  2.362073
346  1.282037     0.069878     9.944962  0.328698
347       NaN          NaN     0.690176  1.070324
348  1.550711     0.009633     4.176802 -1.487264
349       NaN          NaN     1.299524  1.452522
350  0.949360     0.216454     7.157573  2.073935
351  0.864367     0.255633     9.412118  1.070324
352  0.812775     0.282440     4.176802  1.121719
353  1.728385    -0.002022     4.136637 -1.911117
354  1.450168     0.014599     7.049579 -0.591493
355  0.807474     0.285127     6.244127  1.070324
356  1.781468     0.001530     4.176802 -2.231769
357  1.746353    -0.021140     3.642321 -1.383430
358  1.203637     0.106503     4.185898  1.527089
359  0.788564     0.295210     5.636819  1.070324
360  1.272784     0.072260     5.636819  0.104337
361  1.451728     0.001103     0.708539 -1.315477
362  1.073606     0.155091     5.766829  0.488527
363       NaN          NaN     0.802890  1.070324
364  1.599342     0.027057     5.636819 -1.468054
365       NaN          NaN     0.540492  1.020079
366  2.379661     0.029202     3.287562  2.728269
367  2.516077     0.012757     1.310169  1.070324
368  2.481326     0.006921     5.636819  2.605357
369  1.432763     0.010628     1.307708 -1.018715
370  1.546760     0.003414     4.542231 -1.150594
371  2.016059     0.076243     1.490269  1.070324
372  0.786334     0.296578     5.636819  0.889436
373  2.519000     0.075662     2.001674  1.412400
374  1.534558     0.020293     0.181741 -0.304612
375  0.789991     0.294786     4.111794  0.889436
376  2.020376    -0.013358     4.111794 -2.314124
377  1.004412     0.187024     1.895905  0.521484
378  1.541408    -0.005658     5.934383 -0.813577
379  0.899379     0.238003     8.924474  0.889436
380  1.733641     0.016792     4.111794 -2.230174
381  0.821358     0.277850     9.002733  1.328982
382  2.218449     0.038056     2.175428  2.836140
383  0.906067     0.234638     8.893885  0.889436
384  1.328625     0.075335     4.111794  1.598912
385  1.229341     0.099328     3.181184  1.284431
386  1.607773     0.043578     7.101950 -2.305502
387  0.822915     0.277105     6.684355  0.889436
388  1.643328     0.004634     4.111794 -1.371574
389       NaN          NaN     0.857297  1.827629
390       NaN          NaN     1.214192  2.290715
391  0.941397     0.217261     9.705438  0.889436
392  0.764642     0.308451     4.111794  1.031445
393  1.565123     0.018749     3.860373 -1.333085
394  2.183012    -0.018466     8.209120 -2.271855
395  0.811507     0.283012     6.805693  1.031445
396  1.863303    -0.010481     4.111794 -2.536540
397  1.157858     0.126050     4.145211  1.435499
398  1.788337     0.023189     8.889815 -1.622659
399  0.911236     0.231729     3.327023  1.031445
400  1.821705     0.057978     4.111794  1.993332
401  1.341643     0.043201     2.106959 -0.298204
402  1.982607    -0.015826     4.953812 -2.318829
403       NaN          NaN     0.495724  1.031445
404  1.060089     0.161018     4.111794  0.383042
405  1.767225     0.022912     8.721677 -1.880987
406  1.684179    -0.002024     7.103546 -1.623201
407       NaN          NaN     0.168868  1.031445
408  1.348895     0.068295     4.111794  1.562541
409  1.702481     0.030529     4.259179 -1.967883
410  2.206878     0.029496     8.427642 -2.920378
411  0.825023     0.275899     7.166309  1.031445
412  2.510254     0.115874     4.111794  2.929213
413  2.398630     0.072234     5.756310  2.909895
414  1.055661     0.163846     8.036983  0.519126
415  4.069756    -0.056932     0.886691  1.031445
416  1.512175     0.002506     4.111794 -1.142033
417  1.479379     0.008198     8.201995 -0.534425
418       NaN          NaN     0.298918  2.338138
419  0.822666     0.277139     6.760234  1.031445
420  0.889070     0.243021     4.111794  0.688280
421  1.852518    -0.030140     4.809697 -1.974473
422  2.111418    -0.036862     6.708054 -2.761273
423  0.821665     0.277681     7.231750  1.031445
424  1.855551     0.092992     4.111794  2.805277
425  2.269776     0.044490     6.144027  2.864038
426  1.886244     0.043016     9.033961 -2.382958
427  0.793781     0.292482     6.391150  1.031445
428  1.486714     0.018324     4.111794 -0.887893
429  2.467182     0.085228     6.304033  2.990227
430  1.066238     0.159321     9.743901  0.646884
431  0.786721     0.296287     4.823178  1.031445
432  1.399678     0.028647     4.111794 -0.462120
433  1.554283     0.032732     0.324136 -2.872634
434  0.798754     0.289838     8.822554  1.602459
435  1.139389     0.123312     2.369128  1.031445
436  0.779718     0.300453     4.111794  0.854786
437  1.878279    -0.026419     3.057951  2.509155
438  2.144398    -0.008455     7.320312 -2.864774
439  0.802820     0.287637     7.046790  1.031445
440  1.865572    -0.008380     4.111794 -2.473728
441  1.632735    -0.019440     5.872237 -1.000381
442  0.962741     0.207341     2.093951  0.594146
443  0.771642     0.304379     5.966061  1.031445
444  1.847647     0.063750     5.966061  2.643603
445  1.926402     0.012327     9.186609 -2.261862
446  0.854366     0.261646     7.740794  1.973160
447  0.761010     0.310373     4.325052  1.031445
448  1.674343     0.011209     4.325052 -2.321249
449  1.850549     0.108948     7.108545  2.820423
450  1.091090     0.147008     4.481269  0.336592
451  0.877381     0.249000     9.776389  1.031445
452  0.916599     0.229262     4.325052  0.587026
453  1.420531     0.016431     5.069003 -0.120100
454  1.703884    -0.006774     1.466682 -1.880196
455  0.850996     0.262457     8.814593  1.031445
456  2.354890     0.062643     4.325052  2.177285
457  1.183930     0.104092     1.015052 -0.097291
458  0.999813     0.188706     1.971618  0.489119
459  0.839371     0.268403     7.018617  1.031445
460  1.484103    -0.005740     4.325052 -0.451560
461  1.918808    -0.017484     7.219611 -1.776884
462  1.724197    -0.029231     1.177494 -1.522311
463  1.491365    -0.004146     1.449408  1.031445
464  1.722856     0.045638     4.325052 -1.745465
465  1.245580     0.082122     6.596110  0.286701
466  2.041985     0.009463     8.203520 -2.986859
467  0.827304     0.274705     7.142651  1.031445
468  1.383496     0.035833     4.325052 -0.704573
469  1.765350    -0.005087     4.415753 -1.944723
470  0.844377     0.265842     8.939465  1.143518
471  0.785948     0.296721     4.414852  1.031445
472  0.766044     0.307720     4.325052  0.956034
473  1.028053     0.176183     7.758343  0.645979
474       NaN          NaN     1.113374  1.405451
475  2.746625    -0.030908     1.054013  0.956034
476  1.414602     0.022788     4.325052 -0.632851
477  2.139389    -0.010284     6.805264 -2.583522
478       NaN          NaN     0.600233  1.976020
479  0.905208     0.235094     9.156696  0.956034
480  1.264992     0.075790     4.325052  0.004440
481  0.978178     0.199375     6.001489  0.590030
482  1.738958    -0.010035     2.373155 -2.109412
483  0.763340     0.309075     5.232354  0.956034
484  1.495347     0.065755     5.232354  1.905996
485  1.428146     0.018262     3.920489 -0.558384
486  2.109258    -0.019266     7.726689 -2.417910
487  0.779877     0.300150     4.268797  0.956034
488  1.407483     0.022523     5.232354 -0.123698
489  3.476460    -0.049344     1.545970  2.095403
490  1.469059     0.009996     3.086073 -0.965658
491  0.868072     0.253773     9.357772  0.956034
492  1.481831    -0.001684     5.232354 -0.588195
493  1.869844    -0.003515     8.916379 -2.011166
494  1.799083    -0.047690     4.364002 -1.378429
495  0.827380     0.274707     6.745155  0.956034
496  1.334392     0.047117     5.232354  0.110649
497  1.266742     0.068274     0.936495 -0.275510
498  2.006877     0.085940     1.948450  1.226585
499  1.355247     0.029209     1.682914  0.956034