error: 0.75 | highest correlation: nan
best global temp: 5.3936624567569655 | best alpha: 1.240354774010484 | best average temperature: 1.09
time scale: <class 'ising.Jij_sorted_ising'> | partial correlation: True

        error  correlation  global temp     alpha
0    1.725811     0.005005     7.393597 -1.572437
1    1.546359    -0.008027     7.280981 -0.785054
2    1.547898    -0.002404     9.278978 -0.887056
3    1.542116     0.005466     6.844099 -0.887056
4    1.628418     0.082744     6.844099  2.217522
5    1.460208     0.034905     5.367758 -1.059257
6    1.478399     0.031129     9.960359 -0.912886
7    1.581225     0.015403     8.646604 -0.912886
8    2.126751    -0.005961     8.646604 -2.348057
9    2.082469     0.006736     9.525727 -2.482215
10   0.801804     0.288085     6.997102  1.346935
11   0.826780     0.275056     9.932380  1.346935
12   0.811109     0.283346     9.932380  1.491147
13   2.421661     0.020785     6.833973  2.819038
14   3.590571     0.050581     1.687735  2.972769
15   3.121684     0.092684     2.932923  2.972769
16   1.690174    -0.032942     2.932923  2.963243
17   1.381818     0.036430     8.569348 -0.100332
18   1.399149     0.028758     8.391944 -0.150898
19   1.424849     0.018603     6.374453 -0.150898
20   1.485485    -0.004605     6.374453 -0.266870
21   1.333295     0.038801     1.166717  2.025394
22   1.685308     0.011905     2.428803 -1.951913
23   1.643036    -0.002409     8.420720 -1.951913
24   1.791721     0.068276     8.420720  2.717027
25   1.933927     0.008108     4.270235 -2.823124
26   3.018491     0.042447     6.340844  2.244886
27        NaN          NaN     0.714671  2.244886
28   1.686378     0.011980     6.340844 -1.583389
29   1.569380     0.035580     0.324871 -2.834732
30   6.710394     0.003222     8.009698  2.355767
31   2.759028     0.097619     3.904856  2.355767
32   2.092434     0.012922     3.904856 -2.980900
33   1.472051     0.008666     5.506021 -0.817006
34   1.583271    -0.004996     1.351717 -1.904466
35   1.778093     0.004560     5.820342 -1.904466
36   1.216407     0.095921     5.820342  0.148523
37   1.492228     0.015309     1.892142 -1.349381
38   1.579631     0.025372     9.752674 -1.031320
39   1.446630     0.002742     0.661199 -1.031320
40        NaN          NaN     0.661199  2.502644
41   1.454185     0.018871     5.869012 -0.803198
42   1.251431     0.082903     8.641921  0.231599
43   1.066312     0.157396     2.538341  0.231599
44   1.635410     0.029950     2.538341  2.193239
45   1.379529     0.028756     1.803129 -0.462107
46   0.852238     0.262713     7.620354  1.965185
47   0.811112     0.283569     8.338307  1.965185
48   1.365500     0.043459     8.338307 -0.301682
49   2.140320     0.063041     7.083401  2.711366
50   1.821605     0.007675     3.482356 -2.367144
51   1.601081     0.042906     2.410213 -2.367144
52   1.720687     0.005500     2.410213 -2.899245
53   1.697629     0.005756     4.135232 -1.700998
54   1.891045     0.012047     8.341235 -2.705252
55   1.851771     0.025969     5.641670 -2.705252
56   1.760334    -0.001248     5.641670 -2.001581
57   1.373618     0.047520     0.490069 -2.192728
58   1.744264     0.047930     2.278196  1.570095
59   0.793701     0.292527     9.336744  1.570095
60   1.911091     0.010006     9.336744 -2.164794
61   1.933308    -0.001015     9.167992 -2.205586
62   1.571793    -0.016325     0.197854 -2.019463
63   1.914550    -0.020340     8.738050 -2.019463
64   1.011688     0.194564     8.738050  2.392452
65   1.578010     0.010812     7.712787 -1.027170
66   1.632271     0.003750     3.991253 -1.532029
67   1.553954    -0.005653     1.207011 -1.532029
68   1.942479    -0.035077     1.207011 -2.607395
69   1.764921    -0.001181     3.879427 -2.039659
70   1.668941    -0.047088     4.818990 -1.116264
71   1.460797     0.013533     0.242543 -1.116264
72   1.612338    -0.011636     0.242543 -0.520653
73   1.829887    -0.007638     6.629974 -2.386575
74   1.502817    -0.000943     0.146614 -0.357847
75   1.284004     0.061407     0.803502 -0.357847
76        NaN          NaN     0.803502  1.175749
77   1.534479     0.042665     0.537426 -2.906311
78   1.531247     0.021331     6.025674 -1.136963
79   1.467938     0.035584     9.901462 -1.136963
80   0.809513     0.284333     9.901462  1.711401
81   1.631968     0.014595     3.652878 -1.965520
82   1.455359     0.004639     2.854561 -0.658523
83   0.940494     0.218980     5.985546  1.711401
84   1.503764     0.044288     5.985546 -1.293027
85   0.792285     0.293208     7.836040  1.622588
86   1.669949     0.020636     0.357092 -2.708059
87   1.336440     0.077419     4.311049  1.622588
88   1.432626     0.034749     7.836040 -0.717851
89   1.410700     0.005757     1.396651  2.724172
90   1.537565     0.006969     2.977006 -1.195265
91   2.421506    -0.003309     2.312019  1.622588
92   0.780367     0.299624     7.836040  1.762450
93   0.792221     0.293187     5.746986  1.460703
94   1.914073    -0.004978     6.531456 -2.133721
95   1.475631    -0.021269     1.464832  1.460703
96   2.014567     0.053451     5.746986  2.857654
97   1.481435    -0.023655     2.119594  2.814139
98   1.658280     0.039203     8.088458 -2.270415
99   0.795587     0.291398     5.716366  1.460703
100  1.865230     0.012448     5.716366 -2.430526
101  1.564210     0.048394     0.460308 -2.708717
102  0.783354     0.298141     9.814011  1.980572
103  0.786654     0.296369     9.772077  1.980572
104  3.432646     0.040272     9.772077  2.848989
105  1.334214     0.045805     1.981432 -0.340802
106  0.823963     0.276968     7.506101  1.904962
107  1.584613     0.036769     5.348690  1.904962
108  1.800733     0.031222     7.506101 -2.042299
109  1.436967     0.016925     8.885486 -0.266833
110  1.468859     0.007428     8.104949 -0.654817
111  0.830883     0.273443     7.604025  1.904962
112  1.254234     0.111914     7.604025  2.514618
113  1.864899    -0.001677     6.177065 -1.960711
114  2.033980     0.061187     7.424484  2.486339
115  1.665997     0.055687     4.402572  1.904962
116  1.249066     0.085184     7.604025  0.101574
117       NaN          NaN     0.109184  1.806515
118  1.212974     0.091596     1.299168 -0.193253
119  2.881678     0.087200     2.309308  1.904962
120  1.484991    -0.001691     7.604025 -0.444744
121  1.718195    -0.007676     6.912917 -1.933492
122  1.413047     0.024565     5.411652 -0.275289
123  0.813473     0.282387     7.280396  1.904962
124  1.535532     0.030424     7.280396 -1.418128
125  2.689277     0.007959     7.065658  2.561595
126  0.823818     0.277320     3.014258  0.742743
127  0.964267     0.205958     6.818016  0.742743
128  2.133991     0.009970     6.818016 -2.968206
129  0.867163     0.255185     7.098941  1.923668
130  2.008799     0.006791     9.206621 -2.067811
131  2.709770     0.021562     3.937140  1.923668
132  0.764743     0.307907     7.098941  1.601460
133  1.524057     0.013249     6.411185 -1.143097
134  0.790724     0.294075     7.961654  1.760700
135       NaN          NaN     0.682634  1.760700
136  1.801442     0.040105     7.961654 -2.732492
137  1.843647     0.019586     7.351499 -2.065475
138  1.243034     0.084092     6.454355  0.229361
139  0.787102     0.296052     9.558759  1.760700
140  1.263160     0.077822     9.558759  0.300646
141  1.467480     0.004439     4.354263 -0.812549
142  1.283181     0.067084     4.977188  0.139973
143  1.429644     0.067970     4.500268  1.760700
144  1.612355     0.048803     9.558759 -1.606302
145  1.422360     0.032433     7.424627 -0.659998
146  1.603863     0.067255     4.008871  1.840276
147  2.610410     0.016656     4.379768  1.760700
148  1.319034     0.057644     9.558759  0.217772
149  1.873827    -0.025543     0.903475 -2.882397
150  1.756429     0.039716     9.446520  2.459379
151  0.797735     0.290477     9.515398  1.760700
152  1.832930     0.002746     9.515398 -1.723672
153  2.550038     0.084850     3.937489  2.402751
154  1.987705     0.004979     4.332444 -2.902757
155  1.892944     0.010499     3.521601  1.760700
156  1.463517     0.018343     9.515398 -0.797809
157  1.419174     0.017345     2.343544 -0.672056
158  0.788413     0.295286     8.541014  1.553790
159  1.979210     0.097628     2.678648  1.553790
160  1.228266     0.116392     8.541014  2.514684
161  0.845323     0.266621     9.781227  2.358307
162  1.268042     0.076396     9.982646  0.276791
163  1.441174     0.100514     7.802836  2.358307
164  0.809321     0.284419     9.781227  1.707327
165  1.551052     0.053599     9.829867 -1.226820
166  2.454186     0.035750     8.165072  2.982847
167  1.745634     0.051230     3.497627  1.707327
168  1.141813     0.125613     9.781227  0.620000
169  3.544182     0.051219     2.033140  2.800404
170  0.859572     0.258100     9.302700  0.989057
171       NaN          NaN     0.476157  1.707327
172  1.804698     0.031313     9.781227 -2.203229
173  1.469460    -0.018724     2.106240  2.286448
174  1.150721     0.120996     5.888682  0.412913
175  0.780381     0.299566     8.236067  1.707327
176  0.948456     0.213838     8.236067  0.772038
177  1.455684     0.025854     4.230444 -0.955461
178  0.786441     0.296267     7.172732  1.413722
179       NaN          NaN     0.375606  1.413722
180  1.971305    -0.001189     7.172732 -2.534550
181  1.731748     0.014691     2.455089 -2.703200
182  0.891897     0.243454     8.872837  2.260617
183  0.945861     0.215248     4.321245  1.413722
184  1.565935     0.037076     7.172732 -1.800789
185  1.937964     0.017175     6.719574 -2.533312
186  2.860857     0.053044     7.215921  2.484712
187  0.821108     0.277956     5.032182  1.413722
188  2.723521    -0.003605     5.032182  2.623156
189       NaN          NaN     0.564117  2.671619
190  1.424114     0.023756     9.608714 -0.444181
191  0.788430     0.295181     6.544995  1.413722
192  0.783177     0.298111     6.544995  1.052351
193  0.772499     0.303767     5.340785  1.418607
194  1.251872     0.080836     7.193908  0.234436
195  0.805560     0.286161     7.924342  1.418607
196  1.128365     0.131608     7.924342  0.506775
197  1.379435     0.035717     7.467954 -0.057932
198  1.776800    -0.022609     6.774391 -1.397414
199  1.413188     0.057907     3.076434  1.418607
200  1.341457     0.051176     7.924342 -0.083895
201  1.478260    -0.002564     2.321549 -0.889743
202  2.022269     0.038863     6.253115  2.820750
203  0.781647     0.298822     6.292491  1.418607
204  1.250977     0.080519     6.292491  0.235867
205  1.466652     0.015338     4.929703 -0.836104
206  1.239096     0.083197     2.682297 -0.067353
207  0.779090     0.300201     7.273347  1.418607
208  0.769165     0.305620     7.273347  1.183676
209  1.925974     0.013210     9.456391 -2.376316
210  1.396295     0.026143     8.983281  0.193610
211  2.215768     0.055209     1.839321  1.183676
212  1.517849    -0.014394     7.273347 -0.442290
213  1.532762     0.002371     6.758742 -0.811923
214  3.610592     0.028385     8.769545  2.651825
215       NaN          NaN     0.757056  1.183676
216  1.043075     0.178643     7.273347  2.130647
217  0.775173     0.302427     8.932187  1.876726
218  1.467006     0.028050     9.481355 -0.782007
219  0.805081     0.286618     8.155541  1.876726
220  1.289384     0.122677     8.155541  2.238210
221  0.779050     0.300248     7.011052  1.180328
222  1.885627    -0.016074     5.256990 -2.018711
223  0.762955     0.308945     6.310395  1.180328
224  1.805381     0.014648     6.310395 -2.254032
225  1.926478    -0.005198     6.637040 -2.550270
226  1.141127     0.128725     3.737466  1.362827
227  0.768865     0.305782     6.671440  1.180328
228  1.746237    -0.007611     6.671440 -1.566531
229  1.333187     0.044909     0.897764 -0.729221
230  0.823513     0.276909     3.807721  0.999120
231  0.800123     0.288984     7.288407  1.180328
232  1.625245     0.011144     6.671440 -1.456281
233  1.665369     0.005738     2.291269 -2.313701
234  1.617699    -0.025164     5.155139 -1.068928
235  1.092096     0.145666     2.897502  1.180328
236  1.402897     0.104117     6.671440  2.486763
237  1.954517     0.011782     7.831345 -2.831239
238  0.807042     0.285739     9.536658  2.089514
239  0.808754     0.284414     7.398140  1.180328
240  1.673014    -0.007917     6.671440 -1.295918
241  1.889860    -0.015087     7.353172 -2.399747
242  1.415550     0.020975     5.747176 -0.271697
243  0.765297     0.307712     5.602406  1.180328
244  1.966872     0.071924     5.602406  2.621880
245  1.292372     0.064477     5.759812  0.113623
246  1.972735     0.012565     9.456270 -2.349150
247  0.774860     0.302524     5.453278  1.180328
248  1.091348     0.146818     5.453278  0.426569
249  2.195822    -0.004149     7.953534 -2.931179
250  0.863856     0.256794     8.495357  2.097560
251  0.810027     0.283716     6.664200  1.180328
252  2.115295     0.012007     5.453278 -2.755011
253  1.889755     0.011995     6.749969 -2.438411
254  1.521650    -0.011167     0.932045 -1.539862
255  0.836048     0.270194     9.841548  1.180328
256  2.654651    -0.000934     5.453278  2.911036
257  1.637909     0.030523     2.668434 -1.785006
258  0.774142     0.302874     7.494919  1.422667
259  0.777058     0.301290     6.346754  1.422667
260  0.788223     0.295294     6.346754  1.293183
261  2.333239    -0.012007     7.166552 -2.747168
262  2.044314    -0.019389     5.040153 -2.979031
263  1.352035     0.069398     3.324839  1.422667
264  1.827378     0.001605     6.346754 -2.129319
265  1.406150     0.023935     3.451462 -0.579784
266  0.830666     0.272923     7.530214  1.141064
267  2.749458     0.080133     2.043068  1.422667
268  1.519530     0.006047     6.346754 -0.828632
269  0.785681     0.296835     4.671124  1.119367
270  1.895369    -0.001207     7.895739 -1.943965
271  0.809931     0.283840     7.785912  1.119367
272  1.390278     0.028572     7.785912  0.100271
273  1.609433     0.020398     3.096309 -1.860591
274  1.801260    -0.049629     2.296271 -1.577095
275  1.271498     0.069308     2.236954  1.119367
276  1.849001    -0.005180     7.785912 -2.383955
277  1.002299     0.187641     3.158452  0.337719
278  1.636396    -0.025881     4.915139 -1.224669
279       NaN          NaN     0.582257  1.119367
280  1.621490     0.078172     7.785912  2.741047
281  2.042217    -0.029097     5.718738 -2.558471
282  2.759555     0.116235     3.432853  2.356507
283  0.766812     0.306948     5.393662  1.119367
284  0.769247     0.305790     5.393662  0.941444
285  1.775163     0.001101     2.979973  2.616366
286  0.796100     0.291432     9.930219  2.056626
287  0.835977     0.270259     7.258235  0.941444
288  1.895335    -0.017340     5.393662 -2.121642
289  1.421645     0.017734     1.301458 -1.193977
290  1.719448    -0.012278     4.291670 -1.794123
291  0.854247     0.260775     7.368899  0.941444
292  0.873253     0.251264     5.393662  1.530678
293  0.996846     0.190175     1.773577  0.140671
294  0.819326     0.278988     9.294149  1.421777
295       NaN          NaN     0.629520  0.941444
296  1.428395     0.057811     5.393662  1.884875
297  3.167548     0.081701     2.021118  1.880932
298  1.847051     0.005305     1.051016 -2.964154
299  0.841669     0.267297     7.532241  0.941444
300  0.781105     0.299151     5.393662  1.319017
301  0.814428     0.281761     7.370565  1.827040
302  0.907626     0.233857     4.228953  1.343812
303  0.818671     0.279254     9.434511  1.319017
304  0.779287     0.300215     5.393662  1.095181
305  1.568476    -0.006720     1.325988 -1.593929
306  1.468128    -0.000941     0.349189 -1.027633
307       NaN          NaN     0.518562  1.095181
308  0.749525     0.316370     5.393662  1.240355
309  1.688292     0.088585     5.961501  2.175961
310  0.903569     0.235959     2.736127  0.508040
311  0.786333     0.296353     8.144469  1.240355
312  1.644909    -0.020189     5.393662 -1.432341
313  1.011714     0.183660     8.264041  0.721596
314       NaN          NaN     0.971602  1.785655
315  0.801461     0.288298     8.115006  1.240355
316  1.901674     0.018461     5.393662 -2.586326
317  1.314628     0.052097     2.067417 -0.230682
318  1.701412     0.005854     6.867611 -1.521129
319  0.788195     0.295436     4.814012  1.240355
320  2.235951     0.117268     5.393662  2.928726
321  1.503587     0.047577     9.688598 -1.279796
322  1.825850     0.004038     1.947729 -2.714916
323  0.773032     0.303602     4.946808  1.240355
324  0.791912     0.293371     5.393662  1.383127
325  1.778493     0.014614     2.613762  1.552749
326  1.632933     0.011031     2.053006 -1.711655
327       NaN          NaN     0.163650  1.240355
328  1.616266     0.026614     5.393662 -1.471608
329  2.434032    -0.008008     7.154368 -2.620889
330  1.645281     0.010271     9.706581 -1.354214
331  0.969770     0.203183     3.490434  1.240355
332  0.852160     0.261924     5.393662  0.746073
333  1.642923    -0.004452     2.354562  2.406085
334  0.971983     0.202736     8.982942  0.744826
335  1.621109     0.043589     2.310072  1.240355
336  1.831150     0.029785     5.393662 -2.621597
337  1.470291     0.022267     7.388436 -0.844212
338  3.873500    -0.019703     1.630755  2.497399
339  0.830486     0.273076     9.641199  1.240355
340  2.567384     0.053517     5.393662  2.891562
341  1.043773     0.168599     5.863965  0.549901
342  1.586457    -0.001049     5.589246 -1.251124
343  2.675837     0.049836     1.620326  1.240355
344  1.494814     0.004034     5.393662 -0.965959
345  1.124976     0.132188     5.551569  0.393164
346  1.433807     0.010818     2.732177 -0.400105
347  0.787384     0.295753     6.356257  1.240355
348  1.628976     0.007155     5.393662 -1.746856
349  1.664227     0.009693     4.241387 -1.821595
350  1.502975     0.072557     9.303028  2.631990
351  0.812609     0.282381     7.717828  1.240355
352  2.283876     0.064804     5.393662  2.813847
353  2.276035     0.000057     9.901874 -2.538749
354  2.273295     0.043315     5.203083  2.348841
355  0.847545     0.264220     9.295446  1.240355
356  1.626619     0.010762     5.393662 -1.640707
357  1.814072    -0.013268     9.687090 -1.919941
358  1.556230     0.102132     7.492121  2.479200
359  0.802541     0.287942     4.228915  1.240355
360  1.983757     0.021213     5.393662 -2.783081
361  0.943133     0.216217     4.246139  0.497037
362  1.795968    -0.010969     4.029782  2.918466
363  2.293189     0.041472     1.810538  1.240355
364  1.433209     0.027905     5.393662 -0.741930
365  1.464306     0.002415     2.010688 -0.809608
366  0.889100     0.243197     8.463602  0.845492
367  0.788742     0.295029     7.324695  1.240355
368  0.796036     0.291158     5.393662  1.329785
369  1.840654     0.012115     2.673184  2.306349
370  1.543037    -0.001232     3.279558 -1.428669
371  1.924901     0.030248     2.007660  1.240355
372  3.004505     0.000645     5.393662  2.354953
373  1.860345     0.058315     5.117645  2.172865
374  1.758948     0.010201     6.871944 -1.823735
375  0.792146     0.293243     7.709789  1.240355
376  1.579619     0.031631     5.393662 -1.684966
377       NaN          NaN     0.320644  2.517752
378  2.007381    -0.002850     9.530924 -2.514372
379  0.819682     0.278641     7.388650  1.240355
380  0.774282     0.303014     5.393662  1.030279
381  0.786929     0.296002     7.713064  1.346553
382  0.962589     0.207145     2.553707  0.822957
383  0.836536     0.269945     9.979227  1.240355
384  0.883814     0.245731     5.393662  0.707696
385  1.503664     0.010095     0.428867 -2.260226
386  1.857493    -0.008058     5.993844 -1.988662
387  0.784093     0.297502     5.934425  1.240355
388  2.099552     0.049239     5.393662  2.990059
389  1.301397     0.057473     3.353223  0.045819
390  1.200306     0.101604     6.233428  0.276732
391  1.360862     0.049800     2.816015  1.240355
392  1.404679     0.026339     5.393662 -0.359531
393  1.994839    -0.011288     5.069806 -2.915895
394  2.799212     0.043959     6.147138  2.543643
395  0.809469     0.284035     7.799361  1.240355
396  1.510647    -0.009334     5.393662 -0.613266
397  1.902749    -0.017559     9.138908 -1.902588
398  2.003138    -0.009643     8.101734 -2.692833
399       NaN          NaN     0.108052  1.240355
400  1.721384     0.020008     5.393662 -1.802353
401       NaN          NaN     1.160894  2.906899
402  1.692122     0.051677     5.900688  1.894383
403  0.786841     0.296044     7.185990  1.240355
404  1.799051     0.003279     5.393662 -2.068939
405  0.798302     0.290114     9.330412  1.625010
406  1.852136     0.000209     9.268625 -2.415019
407  0.954305     0.210737     3.404958  1.240355
408  1.539882    -0.012153     5.393662 -1.028720
409  1.468539    -0.018347     1.708541  2.667805
410       NaN          NaN     0.302585  2.915603
411  0.854683     0.260590     3.983634  1.240355
412  1.016367     0.183702     5.393662  1.726904
413  1.280965     0.068199     3.512967 -0.077358
414  0.793873     0.292547     8.372517  1.913033
415  0.888134     0.243406     3.992278  1.240355
416  1.936440     0.020879     5.393662 -2.590388
417  1.555806     0.035531     4.140088  2.166359
418  1.537787     0.086512     5.926874  2.950839
419  1.940229     0.033459     2.147400  1.240355
420  1.559925    -0.026669     5.393662 -0.640365
421  1.456485     0.008399     0.256919 -0.969166
422  1.654678    -0.005538     6.349726 -1.358268
423  0.850446     0.262777     4.170813  1.240355
424  2.184477     0.069317     5.393662  2.581224
425  0.815267     0.281354     8.473093  1.995942
426  1.773736     0.021832     7.602669 -2.222607
427       NaN          NaN     0.200807  1.240355
428  0.866747     0.254860     5.393662  1.604452
429  0.793997     0.292510     4.522578  0.937577
430  3.831297    -0.050673     0.301851  0.618574
431  0.773222     0.303436     5.423017  1.240355
432  1.011189     0.183589     5.393662  0.557323
433  1.373174     0.021602     1.638854  1.580099
434  1.526521    -0.004753     8.885882 -0.596135
435  0.774140     0.302925     5.457174  1.240355
436  1.532397     0.025342     5.393662 -1.450265
437  0.906668     0.234263     7.125436  0.821729
438  1.009123     0.184081     2.292691  0.357395
439  0.797464     0.290380     5.888455  1.240355
440  1.603506     0.033543     5.393662 -1.451180
441  1.567553     0.005797     5.401887 -1.428531
442  1.800990    -0.012766     7.679185 -2.145606
443  2.934018     0.121487     1.511655  1.240355
444  1.086539     0.155586     5.393662  1.858067
445  2.599875     0.022486     4.291825  2.632894
446  1.282015     0.071754     8.750420  0.176746
447  0.810202     0.283736     4.428008  1.240355
448  0.870439     0.252893     5.393662  1.565426
449  1.031182     0.174824     8.337306  0.636940
450  1.690786    -0.004576     1.203410 -1.800424
451  2.406808     0.031532     1.781650  1.240355
452  0.998644     0.192369     5.393662  1.687930
453  1.612210     0.041174     3.682384  1.751442
454  1.691072    -0.019462     0.247105 -1.921913
455  2.783530     0.089743     1.582491  1.240355
456  1.783270     0.026853     5.393662 -2.654678
457  0.921291     0.226805     3.500858  1.195018
458  0.805221     0.286363     4.543820  1.326337
459  0.840410     0.267926     9.927051  1.240355
460  2.103123     0.001402     5.393662 -2.789745
461  1.479349    -0.001402     0.294215 -1.347464
462  1.856762     0.111009     5.847494  2.517879
463  0.809372     0.284257     4.162358  1.240355
464  1.426806     0.140643     5.393662  2.825195
465  0.758575     0.311628     4.658340  1.007333
466  1.131750     0.128638     4.205003  0.326403
467  0.802472     0.287716     7.562228  1.240355
468  0.803603     0.287100     5.393662  1.180458
469  1.458567     0.006058     6.654898 -0.386234
470  1.974542     0.018227     9.628778 -2.609977
471  0.867687     0.253870     4.003524  1.240355
472  1.510288     0.097367     5.393662  2.308114
473       NaN          NaN     0.553299  2.927165
474  1.016331     0.181277     5.359599  0.501239
475  1.572568     0.121756     2.354964  1.240355
476  2.257764     0.024278     5.393662  1.895698
477  1.561552     0.022156     7.674540 -1.402417
478  1.422774     0.000685     1.794111  2.338098
479  0.873889     0.250687     4.106046  1.240355
480  1.986164     0.022465     5.393662 -2.801412
481  1.444088     0.008450     2.064280 -0.629343
482  0.802277     0.288122     8.272854  1.898038
483  0.854059     0.260889     3.888604  1.240355
484  1.466088     0.003094     5.393662 -0.443891
485  1.803475    -0.041745     1.284929  1.155850
486  1.299316     0.062838     8.099904  0.239092
487  2.499467     0.096466     1.701891  1.240355
488  1.168819     0.113018     5.393662  0.336878
489  2.021366     0.004704     8.329077 -2.353868
490  2.104865     0.000116     9.914566 -2.767176
491  1.005634     0.185960     3.399818  1.240355
492  1.420027     0.018443     5.393662 -0.136278
493  1.426791     0.021262     4.151348 -0.808270
494  0.835592     0.270428     4.402086  1.301832
495       NaN          NaN     0.499528  1.240355
496  1.460060     0.037191     5.393662 -1.007507
497  1.907788    -0.007682     3.371224 -2.319486
498  1.783169    -0.003899     3.453839 -1.836785
499  0.785645     0.296671     6.707449  1.240355