error: 0.35 | highest correlation: nan
best global temp: 5.323780927226508 | best alpha: 0.925644040107727 | best average temperature: 1.29
time scale: <class 'ising.Jij_sorted_ising'> | partial correlation: False

        error  correlation  global temp     alpha
0    1.448296     0.456631     4.228518  1.321947
1    2.457614     0.115217     3.288842  2.762276
2    2.002029    -0.005212     3.521288 -2.105277
3    2.001745    -0.027588     2.971673 -2.105277
4    0.853378     0.490640     2.971673  0.879673
5    0.845951     0.490442     2.971673  0.879673
6    0.844771     0.492267     2.971673  0.879673
7    0.897964     0.476500     2.971673  0.879673
8    2.747061    -0.027201    10.000000 -3.000000
9    2.598497    -0.029229    10.000000 -3.000000
10   2.533627     0.005356    10.000000 -3.000000
11   1.813549    -0.009259     7.004085 -1.346239
12   1.851872    -0.021102     7.004085 -1.346239
13   1.936376    -0.027259     7.004085 -1.346239
14   0.554326     0.461103     3.828488  0.406706
15   0.530504     0.476668     3.828488  0.406706
16   0.543415     0.468107     3.828488  0.406706
17   0.494223     0.522939     3.186006  0.761360
18   0.499794     0.520429     3.186006  0.761360
19   0.493107     0.523047     3.186006  0.761360
20   0.661981     0.499914     3.050725  0.836035
21   0.661402     0.504268     3.050725  0.836035
22   0.650230     0.507164     3.050725  0.836035
23   0.780576     0.490653     3.000697  0.863651
24   0.787112     0.490721     3.000697  0.863651
25   0.749277     0.504859     3.000697  0.863651
26   0.798815     0.493661     2.985356  0.872120
27   0.814361     0.490358     2.985356  0.872120
28   0.792166     0.500255     2.985356  0.872120
29   0.836190     0.491673     2.977788  0.876297
30   0.817972     0.497601     2.977788  0.876297
31   0.838334     0.488976     2.977788  0.876297
32   0.888735     0.475415     2.973167  0.878848
33   0.876347     0.481628     2.973167  0.878848
34   0.836361     0.491524     2.973167  0.878848
35   0.894103     0.474063     2.972318  0.879316
36   0.878623     0.484102     2.972318  0.879316
37   0.844354     0.491737     2.972318  0.879316
38   0.858307     0.484882     2.971934  0.879528
39   0.823427     0.500484     2.971934  0.879528
40   0.837796     0.494529     2.971934  0.879528
41   0.839668     0.495200     2.971733  0.879639
42   0.852643     0.488433     2.971733  0.879639
43   0.829261     0.498875     2.971733  0.879639
44   0.877657     0.483284     2.971700  0.879658
45   0.830710     0.497387     2.971700  0.879658
46   0.852142     0.490010     2.971700  0.879658
47   0.860756     0.487597     2.971678  0.879670
48   0.851176     0.487679     2.971678  0.879670
49   0.865604     0.484889     2.971678  0.879670
50   0.867799     0.483847     2.971674  0.879672
51   0.894309     0.476310     2.971674  0.879672
52   0.858309     0.483800     2.971674  0.879672
53   0.820052     0.502949     2.971674  0.879672
54   0.864749     0.487303     2.971674  0.879672
55   0.863063     0.486763     2.971674  0.879672
56   0.862723     0.486597     2.971673  0.879671
57   0.855896     0.488707     2.971673  0.879671
58   0.855552     0.490795     2.971673  0.879671
59   0.875438     0.485084     2.971674  0.879672
60   0.841275     0.493147     2.971674  0.879672
61   0.841426     0.492393     2.971674  0.879672
62   0.877816     0.481174     2.971674  0.879672
63   0.887093     0.478910     2.971674  0.879672
64   0.891200     0.475696     2.971674  0.879672
65   0.864482     0.486614     2.971674  0.879672
66   0.860947     0.487652     2.971674  0.879672
67   0.893476     0.479195     2.971674  0.879672
68   0.849370     0.492718     2.971674  0.879672
69   0.873845     0.479738     2.971674  0.879672
70   0.888211     0.476865     2.971674  0.879672
71   0.881568     0.480904     2.971674  0.879672
72   0.819195     0.501609     2.971674  0.879672
73   0.849106     0.492837     2.971674  0.879672
74   0.829536     0.495015     2.971674  0.879672
75   0.841969     0.492961     2.971674  0.879672
76   0.900726     0.475982     2.971674  0.879672
77   0.850033     0.488796     2.971674  0.879672
78   0.900910     0.476456     2.971674  0.879672
79   0.871043     0.482885     2.971674  0.879672
80   0.837970     0.492297     2.971674  0.879672
81   0.825589     0.500180     2.971674  0.879672
82   0.840060     0.492383     2.971674  0.879672
83   1.119716     0.161283     6.361411  0.069409
84   1.703387    -0.041648     9.870721 -0.767958
85   1.666371    -0.036417     5.033498 -0.767958
86   0.400685     0.564082     5.033498  0.682840
87   0.413244     0.554591     5.033498  0.682840
88   0.403144     0.562052     5.033498  0.682840
89   0.397841     0.566259     5.033498  0.682840
90   2.447954     0.182019    10.000000  3.000000
91   0.641652     0.427745    10.000000  3.000000
92   2.785469     0.153062    10.000000  3.000000
93   1.664824     0.358582     7.926274  2.032487
94   1.722628     0.342684     7.926274  2.032487
95   1.660570     0.355919     7.926274  2.032487
96   0.502045     0.574207     6.641815  1.433213
97   0.494049     0.582063     6.641815  1.433213
98   0.496678     0.577279     6.641815  1.433213
99   0.358539     0.592791     5.434257  0.869817
100  0.362695     0.589566     5.434257  0.869817
101  0.361890     0.589967     5.434257  0.869817
102  0.380708     0.577407     5.190340  0.756016
103  0.364692     0.589774     5.190340  0.756016
104  0.376960     0.580341     5.190340  0.756016
105  0.394216     0.568658     5.066239  0.698116
106  0.402936     0.561892     5.066239  0.698116
107  0.386983     0.573804     5.066239  0.698116
108  0.393781     0.568989     5.046182  0.688758
109  0.392475     0.570047     5.046182  0.688758
110  0.396260     0.567296     5.046182  0.688758
111  0.398037     0.565929     5.037701  0.684801
112  0.404011     0.561505     5.037701  0.684801
113  0.376652     0.582339     5.037701  0.684801
114  0.410520     0.556694     5.034745  0.683422
115  0.389767     0.572267     5.034745  0.683422
116  0.411391     0.556133     5.034745  0.683422
117  0.395590     0.567780     5.033744  0.682955
118  0.402019     0.562952     5.033744  0.682955
119  0.397660     0.566336     5.033744  0.682955
120  0.392798     0.569896     5.033599  0.682887
121  0.409330     0.557574     5.033599  0.682887
122  0.391184     0.571249     5.033599  0.682887
123  0.398856     0.565312     5.033547  0.682863
124  0.403840     0.561748     5.033547  0.682863
125  0.392457     0.570065     5.033547  0.682863
126  0.402449     0.562612     5.033515  0.682848
127  0.400840     0.564047     5.033515  0.682848
128  0.394084     0.569036     5.033515  0.682848
129  0.411978     0.555894     5.033503  0.682843
130  0.399258     0.564926     5.033503  0.682843
131  0.396187     0.567303     5.033503  0.682843
132  0.403760     0.561724     5.033499  0.682841
133  0.387548     0.573776     5.033499  0.682841
134  0.410286     0.556695     5.033499  0.682841
135  0.399500     0.564896     5.033506  0.682843
136  0.419396     0.550080     5.033506  0.682843
137  0.409181     0.557592     5.033506  0.682843
138  0.410822     0.556358     5.033503  0.682842
139  0.393918     0.569125     5.033503  0.682842
140  0.406039     0.560117     5.033503  0.682842
141  0.411701     0.555799     5.033500  0.682841
142  0.404755     0.560974     5.033500  0.682841
143  0.400288     0.564254     5.033500  0.682841
144  0.397322     0.566492     5.033499  0.682841
145  0.392188     0.570318     5.033499  0.682841
146  0.400400     0.564231     5.033499  0.682841
147  0.400249     0.564420     5.033499  0.682841
148  0.411813     0.555790     5.033499  0.682841
149  0.420084     0.549549     5.033499  0.682841
150  0.397621     0.566322     5.033499  0.682841
151  0.392091     0.570324     5.033499  0.682841
152  0.390033     0.572152     5.033499  0.682841
153  0.390958     0.571406     5.033499  0.682841
154  0.395190     0.568179     5.033499  0.682841
155  0.380969     0.578908     5.033499  0.682841
156  0.389618     0.572517     5.033499  0.682841
157  0.401673     0.563261     5.033499  0.682841
158  0.382966     0.577508     5.033499  0.682841
159  0.411172     0.556292     5.033499  0.682841
160  0.395864     0.567815     5.033499  0.682841
161  0.401716     0.563110     5.033499  0.682841
162  0.393747     0.569206     5.033499  0.682841
163  0.402147     0.562863     5.033499  0.682841
164  0.398345     0.565724     5.033499  0.682841
165  0.397914     0.566040     5.033499  0.682841
166  0.399756     0.564524     5.033499  0.682841
167  0.400919     0.563775     5.033499  0.682841
168  0.393919     0.568842     5.033499  0.682841
169  0.402786     0.562320     5.033499  0.682841
170  0.389004     0.572817     5.033499  0.682841
171  2.705881     0.179791     2.215456  0.910066
172  2.037067    -0.030957     3.914537 -1.996813
173  1.882055    -0.029769     1.413091 -1.996813
174  2.611218     0.034287     1.413091  0.538233
175  1.632795    -0.037527     8.732697 -0.448897
176  0.895782     0.328912     4.703404  2.203109
177  3.653607     0.014841     1.610365  2.203109
178  1.405664     0.124142     1.610365  0.299405
179  1.920347    -0.024429     0.447514 -2.662397
180  2.311147     0.232924     9.607760  2.491479
181  1.094388     0.278897     5.323781  2.491479
182  0.345764     0.603118     5.323781  0.925644
183  0.366052     0.587222     5.323781  0.925644
184  0.349361     0.600247     5.323781  0.925644
185  0.360624     0.591730     5.323781  0.925644
186  0.577862     0.479747    10.000000  3.000000
187  2.928166     0.139217    10.000000  3.000000
188  2.916707     0.142354    10.000000  3.000000
189  0.351201     0.598897     5.336870  0.931450
190  0.339402     0.607413     5.336870  0.931450
191  0.359368     0.592553     5.336870  0.931450
192  0.358293     0.593039     5.327316  0.927212
193  0.360889     0.591228     5.327316  0.927212
194  0.347133     0.601966     5.327316  0.927212
195  0.351159     0.598531     5.324887  0.926135
196  0.357315     0.593897     5.324887  0.926135
197  0.356238     0.594905     5.324887  0.926135
198  0.352104     0.598214     5.324236  0.925846
199  0.347182     0.602027     5.324236  0.925846
200  0.362189     0.590049     5.324236  0.925846
201  0.348214     0.600992     5.323931  0.925710
202  0.354220     0.596214     5.323931  0.925710
203  0.342505     0.605568     5.323931  0.925710
204  0.359650     0.592153     5.323835  0.925668
205  0.356855     0.594531     5.323835  0.925668
206  0.349947     0.599439     5.323835  0.925668
207  0.345657     0.602891     5.323796  0.925651
208  0.364199     0.588480     5.323796  0.925651
209  0.355330     0.595154     5.323796  0.925651
210  0.355640     0.595357     5.323789  0.925647
211  0.345749     0.602741     5.323789  0.925647
212  0.348007     0.601059     5.323789  0.925647
213  0.348434     0.600473     5.323783  0.925645
214  0.354923     0.595761     5.323783  0.925645
215  0.360919     0.591086     5.323783  0.925645
216  0.353551     0.597330     5.323782  0.925644
217  0.351813     0.598267     5.323782  0.925644
218  0.354541     0.596041     5.323782  0.925644
219  0.350312     0.599472     5.323783  0.925645
220  0.347273     0.601743     5.323783  0.925645
221  0.353283     0.597249     5.323783  0.925645
222  0.348310     0.600736     5.323783  0.925645
223  0.354218     0.596447     5.323783  0.925645
224  0.348914     0.600426     5.323783  0.925645
225  0.357504     0.594188     5.323783  0.925645
226  0.350672     0.598918     5.323783  0.925645
227  0.350180     0.599634     5.323783  0.925645
228  0.351625     0.598566     5.323783  0.925645
229  0.356072     0.594922     5.323783  0.925645
230  0.349299     0.600228     5.323783  0.925645
231  0.357076     0.594398     5.323783  0.925645
232  0.356455     0.594766     5.323783  0.925645
233  0.352779     0.597234     5.323783  0.925645
234  0.346316     0.602384     5.323783  0.925645
235  0.361677     0.590768     5.323783  0.925645
236  0.362778     0.589613     5.323783  0.925645
237  0.356792     0.594123     5.323783  0.925645
238  0.364334     0.588743     5.323783  0.925645
239  0.349319     0.600130     5.323783  0.925645
240  0.349289     0.600311     5.323783  0.925645
241  0.358837     0.593223     5.323783  0.925645
242  0.351981     0.598524     5.323783  0.925645
243  0.352067     0.598183     5.323783  0.925645
244  0.355522     0.595165     5.323783  0.925645
245  0.351791     0.598358     5.323783  0.925645
246  1.194374     0.127923     8.469610  0.093677
247  3.867111    -0.001194     1.143328  2.367395
248  0.813504     0.357439     5.525347  2.367395
249  0.626402     0.418276     5.525347  0.398446
250  1.705713    -0.032474     8.090738 -0.929068
251  1.730624    -0.052541     1.263396 -1.464460
252  1.691288    -0.014670     2.372044 -1.464460
253  2.835163     0.101790     2.372044  2.555525
254  1.862934     0.000431     1.486747 -2.146632
255  1.492379     0.005103     2.841507 -0.408964
256  1.195621     0.127416     1.331646 -0.408964
257  3.866353    -0.001194     1.331646  2.522633
258  1.610591    -0.033983     5.700408 -0.446800
259  1.670185    -0.048959     2.110099 -1.030565
260  1.637570    -0.040790     1.578145 -1.030565
261  3.431769     0.041560     1.578145  1.847667
262  1.500125     0.021764     0.483437 -1.230458
263  2.199819    -0.037210     6.373611 -2.057043
264  2.220215    -0.039966     8.172557 -2.057043
265  0.427539     0.574393     8.172557  1.471411
266  1.322746     0.422581     7.112149  1.814868
267  1.299181     0.217970     4.282960  2.285678
268  2.624855     0.195242     7.062734  2.285678
269  1.518591    -0.003537     7.062734 -0.158500
270  2.489073    -0.027736     8.904069 -2.460875
271  2.046489    -0.039132     2.276134 -2.248766
272  1.965787    -0.037437     1.071988 -2.248766
273  1.349866     0.063709     1.071988 -0.676670
274  2.883837     0.158361     6.771904  2.395210
275  0.565116     0.583229     5.222682  1.288345
276  0.486799     0.590681     5.553628  1.288345
277  1.731393     0.369644     5.553628  1.634622
278  1.552085    -0.015422     5.688988 -0.311148
279  0.626012     0.551763     7.163391  1.589443
280  0.485305     0.564159     8.404270  1.589443
281  1.081925     0.178640     8.404270  0.141318
282  1.171766     0.535982     3.708957  1.169235
283  3.906049    -0.020608     1.199185  2.335749
284  2.575549     0.286723     2.844320  1.169235
285  0.502794     0.606889     3.708957  0.990574
286  1.759770    -0.009931     2.522307 -1.752404
287       NaN          NaN     0.348605  1.348475
288  0.424184     0.543187     9.607940  0.990574
289  1.911508    -0.015075     9.607940 -1.505662
290  1.563648    -0.019047     8.923192 -0.192515
291  1.142543     0.488261     5.430354  1.513886
292  0.592598     0.563262     6.653895  1.513886
293  2.309903     0.257740     6.653895  2.011018
294       NaN          NaN     0.230725  0.944927
295  1.750880    -0.072778     2.675479 -1.053765
296  2.314240     0.088982     1.992703  1.513886
297  1.691709    -0.051370     6.653895 -0.672093
298  1.094761     0.516767     4.478859  1.316634
299  0.428583     0.567208     9.044029  1.514594
300  0.537550     0.565373     7.152624  1.514594
301  2.826412     0.162769     7.152624  2.391123
302  1.834344    -0.027641     8.581632 -1.195168
303  0.758515     0.366233     4.616717  2.155870
304  2.740892     0.109089     2.134914  2.155870
305  1.401138     0.040537     4.616717 -0.146355
306  0.434761     0.609933     4.588450  1.110993
307  0.590316     0.440186     4.940895  0.402608
308  1.269576     0.169052     1.850391  0.402608
309  0.696499     0.376918     4.940895  0.316050
310  1.868972    -0.060651     2.447826 -1.653502
311  2.446656    -0.029950     5.268800 -2.550016
312  0.736363     0.354363     5.512426  0.316050
313  1.749000    -0.063036     5.512426 -0.914924
314  0.537259     0.473651     7.753245  0.539479
315  1.301403     0.081782     6.914619  0.018658
316  0.498917     0.498206     5.520177  0.539479
317  1.738844    -0.041501     5.520177 -1.042269
318  1.442574     0.039870     0.177897 -1.189870
319  1.681019    -0.013501     4.631871 -1.075788
320  0.581947     0.444935     8.626070  0.539479
321  0.710452     0.369186     5.520177  0.309925
322  2.012661    -0.036673     3.936551 -1.821616
323  1.445819     0.022594     3.194371 -0.314294
324  1.013391     0.210603     9.923911  0.309925
325  1.618652    -0.038473     9.923911 -0.229996
326  1.731039    -0.039776     4.505522 -1.104325
327  1.836695    -0.045550     5.023191 -1.303987
328  0.610224     0.432028     1.088532  0.309925
329  3.545634     0.018492     1.088532  1.370428
330  1.892915    -0.023349     9.478607 -1.395397
331  1.801973    -0.028839     9.769791 -1.142334
332  0.691465     0.380201     5.304506  0.309925
333  1.870281    -0.035016     5.304506 -1.404641
334  0.683407     0.539884     8.111233  1.733804
335  1.810830     0.325333     8.490922  2.179956
336  0.525730     0.561646     9.228596  1.733804
337  2.285879     0.025812     9.228596 -2.982769
338  1.821942    -0.046110     7.026800 -1.169428
339  2.411406     0.122106     3.023049  2.490167
340  0.856946     0.308819     3.363013  1.733804
341  1.721722     0.334692     9.228596  2.225530
342  1.203272     0.123509     1.774756 -0.362013
343  0.389121     0.571278     4.252948  0.681148
344  0.431923     0.543590     7.347637  0.681148
345  0.692515     0.408305     7.347637  2.726411
346  1.092724     0.173124     3.956816  0.027224
347  1.735898    -0.066947     3.452788 -0.960242
348  1.090490     0.174548     1.096127  0.681148
349  0.394579     0.577764     7.347637  1.282892
350  2.310959     0.252151     6.835423  2.044469
351  0.366248     0.588092     6.473304  1.081913
352  0.369706     0.583662     7.020149  1.081913
353  1.757868    -0.064530     7.020149 -0.814993
354  1.427687     0.030659     6.753044 -0.100854
355  1.647896    -0.041929     5.233604 -0.677819
356  0.887305     0.270748     1.928216  1.081913
357  1.989268    -0.030373     7.020149 -1.629344
358  0.924906     0.312194     5.515276  2.381249
359  3.635635     0.016247     2.072261  2.810436
360  1.663637     0.488992     2.974619  1.081913
361  0.881985     0.276025     7.020149  0.287368
362  0.686647     0.394562     4.686940  1.965903
363  1.484812     0.010706     1.311047 -0.801077
364  0.369627     0.605761     5.087151  1.081913
365  2.176967    -0.020597     5.087151 -2.085874
366  0.538986     0.471615     4.039570  0.406458
367  1.709017    -0.041550     1.354836 -1.478548
368  0.381858     0.576449     6.549565  1.081913
369  1.368870     0.054044     6.549565 -0.051875
370  0.405781     0.555213     9.132306  1.095152
371  0.452567     0.526571     3.899264  0.553689
372  0.492727     0.502857     6.431022  0.553689
373  1.938731     0.324500     6.431022  1.865097
374  1.917181     0.311772     7.907139  2.105477
375  1.801687    -0.055292     8.237293 -0.982540
376  0.570478     0.450328     2.819019  0.553689
377  2.719594     0.257943     2.819019  1.196769
378  1.038620     0.468685     8.778974  1.960956
379  1.994445     0.298026     7.736803  2.103261
380  0.476257     0.513114     5.063174  0.553689
381  2.118177    -0.030654     5.063174 -2.188412
382  2.585800     0.192887     8.809199  2.518021
383       NaN          NaN     0.501320  1.848863
384  0.534770     0.475385     8.038132  0.553689
385  1.493579     0.006751     8.038132 -0.140179
386  3.257304     0.069499     2.090482  2.711831
387  1.657744    -0.052012     3.907178 -0.626733
388  0.511138     0.485421     3.159370  0.553689
389  0.688778     0.381942     3.159370  1.508637
390  0.712947     0.367464     6.711789  0.380775
391  1.775142    -0.064600     3.480635 -1.091526
392  0.840964     0.330748     2.378729  0.553689
393  0.592349     0.435867     3.159370  0.341110
394  0.643184     0.405634     3.155734  0.292040
395  2.177996    -0.023938     6.443954 -2.134168
396  0.724610     0.361008     5.206386  0.292040
397  2.268145    -0.031996     5.206386 -2.306157
398  2.463681    -0.025697     5.054596 -2.912582
399  1.887410    -0.035039     8.802112 -1.536839
400  0.709211     0.369745     4.806904  0.292040
401  2.022931    -0.025232     4.806904 -2.047721
402  2.297718    -0.019927     7.205143 -2.316557
403  2.133855    -0.036354     7.388200 -1.881402
404  1.368274     0.131786     1.605265  0.292040
405  0.454106     0.603730     4.806904  1.154650
406  1.475224     0.385912     8.375281  2.035515
407  0.506184     0.492574     9.515642  0.682570
408  2.258690     0.350210     2.962194  1.154650
409  0.411048     0.557256     4.806904  0.625311
410  1.111798     0.164846     6.189864  0.096316
411  1.221985     0.446773     6.947755  1.759913
412  0.484408     0.507897     8.259538  0.625311
413  1.708122    -0.058526     4.806904 -0.755967
414  2.545618    -0.038354     6.649347 -2.897070
415  0.375756     0.580306     6.603477  0.852346
416  0.431276     0.540888     9.659898  0.852346
417  0.502709     0.494789     9.659898  0.688865
418  0.521007     0.483527     8.016452  0.606680
419  2.301007     0.245814     7.637250  2.181949
420  0.348284     0.602000     4.623413  0.852346
421  1.641761    -0.043975     4.623413 -0.585506
422  1.691578     0.334563     9.739854  2.273068
423  2.649819     0.112390     3.331370  2.814001
424  2.285572     0.184317     2.337711  0.852346
425  1.231170     0.267495     4.623413  2.617552
426  0.573782     0.449589     9.109895  0.583213
427  2.208204     0.132677     4.297895  2.979389
428  1.512319     0.323403     2.597466  0.852346
429  1.729837     0.190216     4.623413  2.712725
430  1.319669     0.073790     5.156799 -0.016203
431  1.703311    -0.043040     5.739153 -0.968410
432  1.194898     0.391273     2.732515  0.852346
433  1.745195    -0.080339     4.623413 -0.612064
434  2.224089    -0.031157     3.242905 -2.448875
435  1.827453     0.314431     9.324144  2.272382
436  0.888397     0.456728     2.903577  0.852346
437  2.236951     0.301585     4.623413  1.567779
438  2.243976    -0.016838     2.224931 -2.832965
439  1.760657     0.378793     5.160626  1.580022
440       NaN          NaN     0.198265  0.852346
441  2.340633    -0.018650     4.623413 -2.773597
442  0.846028     0.516029     7.169321  1.688015
443  1.809685     0.006441     0.131483 -2.923497
444  0.361137     0.591028     5.384235  0.852346
445  1.426744     0.429720     5.384235  1.558867
446  1.661760    -0.039595     4.511146 -0.831813
447  1.663549    -0.049475     2.870705 -0.828182
448  0.418342     0.549830     8.700156  0.852346
449  0.393437     0.602800     5.384235  1.165345
450  1.697719    -0.037255     9.374091 -0.818566
451  0.800641     0.319175     7.499883  0.315986
452  0.423237     0.599638     5.156345  1.165345
453  0.496175     0.500807     5.156345  0.477531
454  1.436487     0.026501     6.007385 -0.081701
455  2.490940    -0.033609     9.431935 -2.816656
456       NaN          NaN     0.271529  1.165345
457  0.627654     0.417915     5.156345  0.358366
458  3.794490     0.000713     0.100240  0.437827
459  1.024169     0.205377     9.079217  0.260405
460  0.404010     0.557866     8.403837  1.165345
461  0.475622     0.513161     8.403837  0.682006
462  1.846226    -0.052278     4.898672 -1.352107
463  2.265646    -0.026531     7.836497 -2.210315
464  0.401818     0.600966     5.314404  1.165345
465  0.412668     0.556590     5.314404  0.634422
466  2.799482     0.103713     2.704058  2.675309
467  1.371374     0.055442     1.179391  0.975433
468  0.546995     0.466222     9.583658  0.634422
469  2.137668    -0.043894     5.314404 -2.054343
470  2.186761    -0.049630     2.322337 -2.224409
471  3.150128     0.130590     3.782701  1.834119
472  0.431288     0.543614     5.641223  0.634422
473  1.190805     0.129051     5.641223  0.049158
474  0.358538     0.593328     4.747403  0.821314
475  0.968004     0.304040     5.973001  2.656574
476  0.370575     0.584161     5.364309  0.821314
477  2.177268    -0.018425     5.364309 -2.218300
478  2.553067     0.112802     3.420645  2.720490
479  1.646304    -0.027401     0.653993 -1.633817
480  0.444514     0.531791     8.780377  0.821314
481  2.471751     0.246420     5.364309  1.816812
482  0.410691     0.562175     9.115814  1.372903
483  1.901229     0.174076     2.587085  1.859788
484  0.407363     0.557846     7.331053  0.821314
485  2.612763     0.200629     5.364309  1.976212
486  1.653925    -0.042933     9.339419 -0.437053
487  0.716475     0.361391     2.594555  1.249913
488  0.429443     0.542743     8.815530  0.821314
489  2.465540    -0.024373     5.364309 -2.737331
490  1.664626    -0.036588     6.647146 -0.701627
491  0.831274     0.531201     5.945987  1.506758
492  0.460724     0.520565     9.743646  0.821314
493  3.022197     0.155766     5.364309  2.101108
494  1.679185    -0.037299     0.938904 -1.444397
495  2.002975    -0.036902     2.646798 -2.000603
496  2.610760     0.003022     0.685604  0.821314
497  1.666976    -0.048590     5.364309 -0.610273
498  2.371503    -0.023029     5.823795 -2.499699
499  1.595274    -0.027088     8.063001 -0.362686