error: 0.76 | highest correlation: nan
best global temp: 6.402008837656371 | best alpha: 1.3917136087657127 | best average temperature: 1.15
time scale: <class 'ising.Jij_sorted_ising'> | partial correlation: True

        error  correlation  global temp     alpha
0    1.685161     0.023292     8.118048 -2.099059
1         NaN          NaN     1.411072  2.893965
2    0.863757     0.256444     6.907982  1.790875
3    0.931369     0.224026     6.043227  1.790875
4    1.461021     0.006367     6.043227 -0.527102
5    1.722304    -0.010384     5.498510 -1.698381
6    1.836957    -0.027639     9.823702 -1.452503
7    1.516360     0.002083     0.176742 -1.452503
8         NaN          NaN     0.176742  2.248209
9    2.148947     0.006264     9.576220 -2.910746
10   1.445558    -0.008826     2.336670  2.992518
11        NaN          NaN     0.583965  2.992518
12   2.467650     0.004677     2.336670  2.307554
13   1.326403     0.055447     5.676731 -0.142696
14   1.886814     0.000138     7.195926 -2.810015
15   1.820660    -0.006285     5.605166 -2.810015
16   0.799068     0.289529     5.605166  1.223921
17   1.152551     0.120198     4.445457  0.262353
18   1.618568     0.094392     5.356682  2.073578
19   0.992762     0.204195     6.299022  2.073578
20   1.386936     0.033730     6.299022 -0.229180
21   1.513369     0.009188     5.164206 -1.105324
22   1.652518    -0.015378     0.245162 -2.748422
23   2.312678    -0.021947     9.109247 -2.748422
24   1.918117    -0.001436     9.109247 -2.202925
25   1.554875     0.015710     4.583416 -1.170395
26   1.203432     0.098973     5.237073  0.255970
27   1.217919     0.095378     7.174754  0.255970
28   1.055994     0.163228     7.174754  0.597727
29   1.944603     0.002915     7.374323 -2.472332
30   2.000054    -0.033476     9.214401 -2.230402
31   1.913207    -0.006100     8.699548 -2.230402
32   1.377989     0.038042     8.699548 -0.018740
33   2.357674    -0.021306     5.284777 -2.993013
34   1.231672     0.106193     5.923270  1.869541
35   1.624687     0.092674     3.714785  1.869541
36   1.465220     0.010884     3.714785 -0.818795
37   1.541993    -0.018891     3.221708 -0.943763
38   1.462894     0.010361     5.764082 -0.594371
39   1.475584     0.011999     7.880531 -0.594371
40   0.761917     0.309464     7.880531  1.685636
41   1.559510    -0.003024     5.961349 -1.108543
42   1.502452    -0.010346     5.267235 -0.602656
43   1.437912     0.014811     3.520721 -0.602656
44   1.895043     0.030317     3.520721 -2.526967
45   1.761875     0.007181     8.756456 -1.688485
46   1.470949     0.003852     5.551281 -0.785436
47   1.381607     0.035838     2.546664 -0.785436
48   1.698684    -0.011394     2.546664 -2.684094
49   0.991218     0.193618     9.043661  0.719773
50   1.649076     0.027936     6.836511 -1.587942
51   1.439728     0.019647     0.723093 -1.587942
52        NaN          NaN     0.723093  2.153067
53   1.357305     0.040244     1.648818 -0.698584
54   1.357736     0.044340     6.241672 -0.211962
55   1.369665     0.039158     5.732477 -0.211962
56   1.228753     0.088100     5.732477  0.328689
57   1.703689    -0.023664     6.857173 -1.258508
58   1.089482     0.148585     6.564013  0.455694
59   1.107813     0.140442     7.079268  0.455694
60   1.037377     0.171781     7.079268  0.598688
61   2.836675     0.028930     5.201673  2.843895
62   2.713686    -0.036417     0.906747  0.826524
63   0.920534     0.227450     2.635429  0.598688
64   1.475014     0.006095     2.635429 -0.955280
65   0.925166     0.224932     3.704877  0.572580
66   0.890052     0.243838     7.396430  2.031724
67   0.815407     0.281352     9.506230  2.031724
68   2.235830    -0.010666     9.506230 -2.854175
69   1.254840     0.081900     8.927774  0.253268
70   1.866180    -0.008934     3.906258 -2.518815
71   2.245034     0.003746     8.731793 -2.518815
72   1.525434     0.052585     3.906258  1.830543
73   1.464312     0.016700     6.875306 -0.759318
74   0.795755     0.291304     6.893087  1.209559
75   1.435225     0.026818     2.359988  1.209559
76   1.337930     0.044150     2.359988 -0.236222
77   1.481400     0.040780     0.144002 -0.534174
78   1.365250     0.037284     1.188689 -1.011715
79   1.635712     0.003541     8.296406 -1.011715
80   1.454852     0.100303     8.296406  2.574498
81   1.488584     0.073911     7.126965 -1.402242
82   2.095394    -0.019593     6.123054 -2.699352
83   1.648559     0.006219     6.131662 -1.402242
84   1.698723    -0.017058     6.131662 -1.189613
85   1.316837     0.051965     2.974757 -0.056761
86   0.875093     0.252033     9.479897  2.357694
87   1.760768     0.124300     5.449205  2.357694
88   0.813105     0.282598     9.479897  2.146393
89   1.571632    -0.009655     2.373849 -1.551100
90   1.239831     0.082214     1.860551 -0.189829
91   1.295442     0.060324     2.358163 -0.189829
92   3.322347     0.096851     2.358163  2.857588
93   0.822551     0.277206     8.655836  1.118867
94   1.894701    -0.005444     3.617257 -2.621400
95        NaN          NaN     0.926590  1.118867
96   1.176679     0.148703     8.655836  2.533378
97   1.339100     0.044817     5.239421  0.111270
98   1.999741     0.004805     9.311251 -2.373947
99   0.808146     0.284710     6.288414  1.118867
100  1.526236    -0.001339     6.288414 -0.898077
101  1.387598     0.032488     4.828614 -0.319966
102  0.792826     0.292934     4.875016  1.234456
103  0.812783     0.282451     4.161088  1.234456
104  1.431690     0.018029     4.161088 -0.611994
105  0.998666     0.189688     8.470360  0.794677
106  1.423854     0.032403     7.593686 -0.700782
107  0.820171     0.278620     4.657284  0.794677
108  1.595333     0.201870     4.657284  2.380300
109  1.471948     0.026310     1.091244  0.804299
110  1.796398     0.008067     7.922803 -1.995335
111  0.910003     0.232615     7.233703  0.794677
112  1.663116     0.016393     7.233703 -1.591975
113  1.256485     0.077942     7.680891  0.346226
114  1.648996     0.037072     1.574534  1.353540
115  0.898761     0.238272     7.665834  0.794677
116  2.070464    -0.034197     7.665834 -1.874755
117  1.209778     0.137053     7.464188  2.312701
118  0.899800     0.237611     4.811960  0.669561
119  2.578320    -0.039995     0.455484  0.669561
120  1.075046     0.154171     4.811960  0.403020
121  2.052913     0.001331     4.664410 -2.576735
122  1.026893     0.176934     3.982644  1.391714
123  0.968059     0.204907     4.097791  1.391714
124  1.688851     0.023351     4.097791 -2.149869
125  1.194550     0.104009     7.030724  0.289074
126  1.959654     0.005114     8.026116 -2.414529
127  0.774936     0.302465     7.487440  1.391714
128  1.205577     0.100004     7.487440  0.319217
129       NaN          NaN     0.143460  0.910484
130  1.520113     0.016993     5.917715 -1.298970
131  1.712040    -0.020959     1.494462  1.391714
132  1.563198     0.102378     7.487440  2.783064
133  2.166220     0.013810     6.331258 -2.947556
134  2.025787     0.003316     6.917306 -2.683072
135  1.332999     0.066163     3.193519  1.391714
136  1.522091    -0.003078     7.487440 -0.583695
137  1.396996     0.024529     1.310836 -0.947268
138  1.410131     0.023768     3.851443 -0.436259
139       NaN          NaN     0.165344  1.391714
140  3.740872     0.049146     7.487440  2.579910
141  1.293924     0.063581     3.303066 -0.132453
142  1.307238     0.057280     3.389923 -0.130719
143  0.770865     0.304655     5.267888  1.391714
144  0.957205     0.209314     5.267888  0.613356
145  1.462731     0.006856     7.945184 -0.588295
146  1.499775     0.002561     2.689325 -1.062635
147  0.761228     0.309856     6.402009  1.391714
148  1.509600     0.006305     6.402009 -0.788009
149  1.236353     0.085963     3.403093 -0.036059
150  1.743138    -0.010294     8.512891 -1.135477
151  1.464103     0.030867     3.129203  1.391714
152  1.602238    -0.022934     6.402009 -1.016320
153  1.612543    -0.000272     9.831945 -0.989644
154  1.854014     0.024124     6.788568 -2.336445
155  0.775790     0.301988     7.087412  1.391714
156  0.778147     0.300712     7.087412  1.685781
157  2.138232     0.008208     3.604785  2.050140
158  1.712213    -0.020129     9.801046 -1.180002
159  3.003193     0.123180     1.927795  1.685781
160  1.080917     0.151731     7.087412  0.569767
161  1.743109    -0.018951     9.844869 -1.308395
162  1.544621     0.005566     0.343729 -2.211676
163  2.612093     0.054889     2.489287  1.685781
164  1.633626     0.040787     7.087412 -2.292431
165  1.307148     0.058643     5.258977  0.059754
166  0.956953     0.209679     8.722162  0.844228
167  1.770461     0.050177     4.956004  1.685781
168  0.888169     0.245015     7.087412  1.933489
169  1.494610     0.016428     4.288607 -1.058096
170  1.420228     0.027562     1.745268 -1.126596
171  2.405228     0.054558     2.936113  1.685781
172  1.925687     0.085652     7.087412  2.730136
173  1.465682    -0.002158     1.220355 -0.837646
174  0.797916     0.290280     6.659635  1.725147
175  1.414416     0.004193     1.579900  1.725147
176  1.619169    -0.008294     6.659635 -0.921879
177  1.512269    -0.001809     2.243497 -1.395267
178  1.922905    -0.003093     2.095795 -2.655221
179  1.577530     0.039771     4.231754  1.725147
180  1.371680     0.045746     6.659635 -0.589624
181  1.739360    -0.004073     8.610543 -1.332509
182  1.477427     0.080795     5.270456  2.155406
183  0.794490     0.292075     7.279609  1.725147
184  0.812068     0.282658     7.279609  1.195310
185  1.235258     0.088720     7.928414  0.268857
186  1.982455    -0.014418     8.060562 -2.171930
187  1.024793     0.176703     3.049865  1.195310
188  0.780898     0.299252     7.279609  1.443100
189  1.648779     0.035268     1.059080 -2.898916
190  1.447048     0.010529     3.979919 -0.554269
191  3.841463    -0.001194     1.256572  1.443100
192  0.812860     0.282281     7.279609  1.095639
193  1.469969     0.003510     8.782781 -0.221892
194  0.946303     0.214681     7.653533  0.811190
195  0.875999     0.249638     3.443135  1.095639
196  1.890480     0.067514     3.443135  2.193779
197  1.455935     0.027684     1.862539 -1.706072
198  0.810372     0.283571     8.594920  1.280292
199  0.790273     0.294254     8.105131  1.280292
200  1.281973     0.069473     8.105131  0.269746
201  1.652234     0.110836     5.517268  2.160625
202  1.582222     0.029201     3.963677 -1.834536
203  1.360593     0.041746     2.745010  1.280292
204  0.803781     0.287090     8.105131  1.380198
205  1.712102     0.132223     7.010314  2.597922
206  1.738972     0.029128     6.455560 -1.969648
207  1.162863     0.122297     3.624284  1.380198
208  1.628197    -0.031972     8.105131 -0.852712
209  2.169704    -0.043121     1.910225  2.843804
210  0.889733     0.242841     9.189163  0.934922
211  1.475596     0.039702     2.751945  1.380198
212  1.543375    -0.006755     8.105131 -0.867095
213  1.835587    -0.018425     5.949634 -1.924600
214  1.976164    -0.008685     9.994950 -2.216832
215  2.767974     0.051183     1.383245  1.380198
216  1.477848     0.028767     8.105131 -1.259846
217  1.541166    -0.000711     2.915041 -1.090540
218  1.443972     0.007202     3.335641 -0.343069
219  1.704874     0.070070     1.573196  1.380198
220  0.777104     0.301344     8.105131  1.812149
221  1.582724     0.004969     4.887991 -1.293210
222  1.885171    -0.023808     7.612709 -1.638592
223  0.788259     0.295432     8.501776  1.812149
224  1.603844     0.018708     8.105131 -1.726404
225  1.374010     0.029121     0.938219 -0.699375
226  1.688797    -0.007367     6.090951 -1.286171
227  1.223762     0.107926     5.221435  1.812149
228  1.354972     0.042468     8.105131  0.111819
229       NaN          NaN     1.173641  2.239378
230  1.300169     0.063022     0.833662 -1.058306
231  0.793735     0.292492     7.992195  1.812149
232  1.367470     0.037453     7.992195  0.114364
233  1.253626     0.097650     3.452498  1.472451
234  1.267325     0.076952     8.178120  0.198073
235  1.569548     0.020137     3.929379  1.812149
236  1.718090     0.039751     7.992195 -1.966313
237  1.871149     0.105132     3.709569  2.724859
238  2.379926     0.046424     5.772292  1.899171
239  0.774761     0.302600     9.027733  1.812149
240  0.837565     0.269363     9.027733  1.155211
241  1.407090     0.027787     8.311436 -0.275691
242  1.108765     0.137542     1.866796  0.791264
243  1.548813    -0.004665     2.777146  1.812149
244  1.513921     0.015870     9.027733 -0.736598
245  0.924001     0.225923     4.001344  1.339034
246  0.878123     0.248625     7.651358  0.860054
247  0.872021     0.252787     6.329901  1.812149
248  2.100205    -0.005013     9.027733 -2.779397
249  2.798730    -0.007483     2.964934  2.721138
250  1.495896     0.019759     5.941526 -1.013606
251  1.445920     0.091726     4.040035  1.812149
252  1.244820     0.121681     9.027733  2.559618
253  0.842849     0.266721     5.141219  0.750491
254  1.782546     0.005227     4.692865 -2.100008
255  0.770673     0.304804     9.368074  1.812149
256  1.544318     0.009280     9.368074 -1.349777
257  1.525691    -0.018945     0.937819 -1.831315
258  2.953086    -0.072031     1.206316  1.114236
259  0.791135     0.293913     8.629593  1.812149
260  1.557588     0.088260     8.629593  2.951258
261  2.667397     0.091134     3.493910  2.690702
262  1.677682    -0.000526     8.616726 -1.550136
263  1.039208     0.178238     6.084989  1.812149
264  1.074525     0.155260     8.629593  0.612567
265  1.405494     0.021760     0.679045 -1.205408
266  1.821910    -0.021620     0.929655 -2.382008
267  1.760448     0.039187     4.359240  1.812149
268  0.796938     0.290913     8.629593  1.913171
269  1.295636     0.065748     5.185113 -0.047457
270  0.777357     0.301130     6.533080  1.493478
271  0.807717     0.285112     9.201150  1.493478
272  1.483430     0.000946     6.533080 -0.581376
273  1.056936     0.161469     3.065477  1.155109
274  1.017868     0.180363     5.299577  0.548750
275  0.799696     0.289366     9.824042  1.493478
276  1.683089     0.007423     6.533080 -1.533082
277  1.590634    -0.011347     5.111314 -1.033679
278  1.387821     0.033233     6.851206 -0.132196
279  0.777349     0.301140     7.195231  1.493478
280  0.785066     0.297016     7.195231  1.257936
281       NaN          NaN     0.851089  1.381869
282  1.805635     0.120667     3.879507  1.943195
283  1.532291     0.037282     1.936756  1.257936
284  1.619721     0.061424     7.195231 -2.035159
285  2.153082     0.068990     6.204978  2.411305
286  1.667313     0.051547     4.617866  1.979800
287       NaN          NaN     0.610420  1.257936
288  1.439821     0.013698     7.195231 -0.374093
289  1.423191     0.018853     5.796847 -0.195301
290  1.996928    -0.016068     4.603370 -2.326183
291  0.999762     0.188937     3.469287  1.257936
292  1.013014     0.182980     7.195231  0.649152
293  2.593351    -0.047263     1.744152  1.680790
294  1.484582     0.059010     1.449345 -2.138285
295  0.778979     0.300395     4.779525  1.257936
296  1.067436     0.157162     4.779525  0.514658
297  0.805865     0.286116     4.790998  0.890612
298  1.786392     0.010023     4.669888 -1.797135
299  0.808431     0.284631     9.262620  1.257936
300  2.063350     0.124044     4.779525  2.369806
301  1.657201     0.031527     3.319556  1.489834
302       NaN          NaN     0.930990  2.470531
303       NaN          NaN     0.460926  1.257936
304  1.647755     0.032303     4.779525 -1.827319
305  1.102814     0.142679     9.832899  0.660374
306  1.699119     0.002350     1.338160 -2.347111
307  0.877413     0.249092     3.865655  1.257936
308  1.682118     0.013012     4.779525 -2.101605
309  0.804392     0.286822     8.923073  1.467351
310  1.992429    -0.002130     7.764495 -2.590887
311  1.474512     0.071840     2.337340  1.257936
312  1.040594     0.169923     4.779525  0.454460
313  1.112589     0.135755     1.624188  0.214064
314  1.393776     0.026432     3.302937 -0.336322
315  0.778401     0.300599     5.302298  1.257936
316  1.459824     0.007511     5.302298 -0.685601
317  1.479611    -0.004422     3.160873 -0.513349
318  1.413609     0.025370     8.268909 -0.401515
319  2.769235     0.019637     1.353883  1.257936
320  1.474326     0.047651     5.302298  2.000433
321  1.417708     0.021403     6.389513 -0.205984
322  1.352617     0.118919     6.719462  2.342448
323  1.898559     0.067127     2.208580  1.257936
324  1.353718     0.045280     5.302298 -0.297245
325  3.400361     0.019839     9.659832  2.662053
326  1.416118     0.013617     0.439461 -1.137165
327  0.782725     0.298241     6.465716  1.257936
328  3.934375     0.020039     6.465716  2.301452
329  0.786468     0.296372     8.901782  1.731834
330  1.144894     0.122749     2.842751  0.086929
331       NaN          NaN     0.167700  1.731834
332  1.001533     0.195569     8.901782  2.434283
333  0.828504     0.274679     3.324194  0.852645
334  0.818928     0.279256     9.385318  1.503973
335  0.796029     0.291329     9.405780  1.731834
336  1.713846     0.018329     9.405780 -1.215766
337  0.845275     0.265354     8.243326  1.118114
338  1.537121    -0.002723     0.500388 -0.305855
339  0.774423     0.302776     8.114875  1.731834
340  1.868337     0.007751     8.114875 -2.183083
341  1.270407     0.072416     5.544287  0.130565
342  0.778560     0.300525     7.840986  1.769909
343  1.219077     0.125861     4.767293  1.769909
344  1.582306     0.034317     7.840986 -1.891715
345       NaN          NaN     0.431805  1.785680
346  0.817614     0.279811     9.984247  1.247876
347  2.728427     0.096211     2.395826  1.769909
348  1.449009     0.017542     7.840986 -0.476201
349  1.307394     0.055607     2.382764 -0.187110
350  1.127549     0.131669     6.235410  0.392553
351  0.776917     0.301417     8.283238  1.769909
352  1.857347     0.000523     8.283238 -1.672989
353  1.564329     0.014947     5.901428 -0.998626
354       NaN          NaN     0.983710  1.170828
355  1.809516     0.004737     3.685594  1.769909
356  0.776544     0.301714     8.283238  1.954222
357  1.486735    -0.004856     4.428573 -0.665958
358  1.991824    -0.009612     6.306037 -1.970642
359       NaN          NaN     0.251769  1.954222
360  1.459708     0.008411     8.283238 -0.425118
361  1.687299     0.049705     6.908446  2.863082
362  1.603395     0.041357     7.103282 -2.072087
363  1.913611     0.040605     4.535757  1.954222
364  1.254577     0.110879     8.283238  2.542581
365       NaN          NaN     0.365179  1.580862
366  0.792325     0.293192     6.561238  1.646514
367  1.684388     0.098359     4.355368  1.954222
368  1.778359     0.004154     8.283238 -1.755304
369  1.385936     0.029758     4.202583 -0.183023
370  0.902081     0.237095     5.126696  1.523539
371       NaN          NaN     0.827273  1.954222
372  1.814730    -0.002648     8.283238 -2.043640
373  1.175976     0.111091     4.850603  0.188722
374  1.376791     0.025325     0.713082 -0.152543
375  3.412052     0.024033     5.708950  1.954222
376  0.787946     0.295523     8.283238  1.541852
377  1.278153     0.064008     0.777951 -0.438439
378  0.923671     0.225570     3.146341  0.979588
379  0.770729     0.304698     7.188381  1.541852
380  1.506079    -0.009561     7.188381 -0.494616
381  0.777573     0.301030     5.707586  1.413208
382  1.488162     0.017657     1.587379 -1.752086
383  0.781631     0.298844     6.038446  1.541852
384  1.354641     0.046396     7.188381 -0.105832
385  1.297845     0.063098     8.987807  0.311013
386  2.055225    -0.006040     5.988164 -2.485792
387  0.768538     0.305875     7.073723  1.541852
388  0.775525     0.302112     7.073723  1.643214
389  1.947485     0.000848     4.726314 -2.640138
390  1.926847     0.022639     5.458772  1.985070
391  0.834594     0.271219     5.929806  1.643214
392  0.809244     0.284150     7.073723  1.147614
393  1.372500     0.038580     6.550873 -0.162737
394  1.624710     0.031288     6.960285 -1.510253
395  1.301430     0.087150     4.129277  1.643214
396  1.500911     0.013062     7.073723 -0.835228
397  0.810540     0.283503     8.794227  1.228378
398       NaN          NaN     0.206124  1.317313
399  0.809220     0.284394     9.401221  1.643214
400  0.815994     0.280930     7.073723  1.804408
401  1.591421     0.019627     2.205036 -1.907480
402  1.206126     0.125271     9.323485  2.633646
403  0.877750     0.249288     5.922285  1.643214
404  1.171252     0.135634     7.073723  2.295671
405  1.531592     0.032563     0.496135 -2.505904
406  1.656941     0.005143     7.705576 -1.519527
407  0.901218     0.238171     5.049600  1.643214
408  1.531894     0.020072     7.073723 -1.222117
409  1.476570     0.001839     6.906608 -0.498914
410  4.286470     0.019945     9.521059  2.690452
411       NaN          NaN     0.777898  1.643214
412  1.774879     0.037556     7.073723 -1.835448
413  1.859424     0.025519     6.600254 -2.569498
414  1.047346     0.166826     5.340951  0.489936
415  2.621237     0.030582     3.085005  1.643214
416  1.180912     0.137555     7.073723  1.968334
417  1.476865     0.003410     4.543618 -0.895357
418  0.828250     0.274241     4.368110  1.223771
419  1.910175     0.013090     3.424824  1.643214
420  2.066545    -0.003503     7.073723 -2.752198
421  1.962163     0.025542     7.707958 -1.793811
422  1.371428     0.022504     2.631899  2.026832
423  0.796418     0.291080     8.742895  1.643214
424  1.803832     0.033037     7.073723 -2.954316
425  3.216218     0.017221     1.637368  1.830550
426  1.850875     0.052332     3.322906  2.133054
427  0.787404     0.295786     6.594340  1.643214
428  1.432462     0.042024     7.073723 -1.049657
429  2.331141     0.103505     3.678581  2.324251
430       NaN          NaN     1.059297  2.629705
431  0.766274     0.307149     8.363419  1.643214
432  1.497233     0.005632     8.363419 -0.709726
433  1.623133    -0.028572     5.164639 -1.053142
434  0.832370     0.272763     9.206433  2.135194
435  0.790200     0.294383     8.964023  1.643214
436  1.894427     0.046344     8.363419 -2.370841
437  1.812988     0.027715     9.315615 -2.984147
438  1.631037     0.007815     8.813586 -1.209999
439  0.777011     0.301376     8.131321  1.643214
440  0.920899     0.227254     8.363419  0.892466
441  1.323157     0.059272     9.970070  0.008064
442       NaN          NaN     0.956436  1.720388
443  0.925507     0.225919     5.537153  1.643214
444  1.557301     0.038398     8.363419 -1.427288
445  1.212529     0.113854     5.520834  1.829931
446       NaN          NaN     0.491112  1.811451
447  0.774074     0.302892     6.696109  1.643214
448  1.441395     0.018629     8.363419 -0.578220
449       NaN          NaN     0.887169  1.694416
450  0.791418     0.293676     7.851758  1.543777
451  0.857989     0.259509     5.339254  1.643214
452  0.777466     0.301128     8.363419  1.622332
453  1.225453     0.087282     2.021596 -0.067654
454  0.824476     0.276329     9.218989  1.457128
455  0.787476     0.295736     6.984670  1.643214
456  1.230450     0.144098     8.363419  2.560996
457  1.691238     0.037647     2.757933  2.914007
458  1.573905    -0.025307     3.826426 -0.915058
459  2.627364     0.043758     4.892321  1.643214
460  1.576797     0.005331     8.363419 -0.890453
461  3.462086    -0.063529     0.145122  0.319996
462  3.494933    -0.061950     1.110083  1.062107
463  2.501468    -0.004193     1.716532  1.643214
464  1.965322     0.001468     8.363419 -2.645722
465       NaN          NaN     0.554684  1.536139
466  1.175238     0.110769     5.435987  0.305220
467  1.729193     0.059211     2.523285  1.643214
468  1.426565     0.104121     8.363419  2.814029
469  1.420703     0.036432     0.478500 -1.822509
470       NaN          NaN     1.295298  2.955815
471       NaN          NaN     0.522813  1.643214
472  1.458256     0.009433     8.363419 -0.568219
473  1.924497    -0.020830     9.831272 -1.625884
474       NaN          NaN     1.262085  1.692836
475       NaN          NaN     1.553444  1.643214
476  0.907170     0.234031     8.363419  0.898365
477  1.890017    -0.013271     2.879119 -2.350693
478  0.788031     0.295518     8.696098  1.593872
479  0.949337     0.214492     5.419904  1.643214
480  1.355769     0.043226     8.363419  0.062845
481  1.845978    -0.010609     7.816971 -1.840564
482  1.799213     0.001097     1.970367 -2.719207
483  1.019663     0.183651     5.211318  1.643214
484  1.353428     0.097191     8.363419  2.769140
485  1.833934     0.011430     4.337169 -2.489444
486  1.791191     0.006413     7.245545 -1.842245
487  0.786475     0.296395     9.380190  1.643214
488  0.777822     0.300950     8.363419  1.721152
489  1.531390     0.017755     0.803744 -2.281699
490  0.989545     0.193610     4.011298  0.504329
491  0.780607     0.299434     8.136933  1.643214
492  0.787454     0.295752     8.363419  1.378042
493  1.178076     0.109850     5.381857  0.305206
494  1.532679     0.027643     9.258778 -1.231052
495  1.192391     0.114981     4.850340  1.643214
496  3.607429     0.014175     8.363419  2.375378
497  0.799791     0.289162     6.900871  1.154205
498  1.360162     0.035099     0.510660 -0.942263
499  0.781683     0.298870     8.287793  1.643214