error: 0.43 | highest correlation: nan
best global temp: 7.1295499580531345 | best alpha: 1.7609890172607265 | best average temperature: 0.99
time scale: <class 'ising.Jij_sorted_ising'> | partial correlation: True

        error  correlation  global temp     alpha
0    0.541976     0.331911     4.228518  1.321947
1    2.113963     0.023212     3.288842  2.762276
2    1.458516     0.002075     3.521288 -2.105277
3    1.427525     0.011269     2.971673 -2.105277
4    0.560493     0.317661     2.971673  0.879673
5    0.510883     0.352374     4.228518  1.321947
6    0.519802     0.346604     4.228518  1.321947
7    0.505762     0.355912     4.228518  1.321947
8         NaN          NaN     0.100000  3.000000
9         NaN          NaN     0.100000  3.000000
10        NaN          NaN     0.100000  3.000000
11   1.029564     0.063095     6.361410  0.069410
12   1.224579     0.010485     9.870720 -0.767958
13   1.255585    -0.016017     5.033497 -0.767958
14   0.490006     0.365217     5.033497  0.722623
15   0.492264     0.363658     5.033497  0.722623
16   0.492133     0.363771     5.033497  0.722623
17   0.483167     0.369962     5.033497  0.722623
18   0.915041     0.194461    10.000000  3.000000
19   1.183308     0.114855    10.000000  3.000000
20   0.745634     0.243953    10.000000  3.000000
21   0.460264     0.386144     5.088017  0.747623
22   0.497231     0.360297     5.088017  0.747623
23   0.480634     0.371786     5.088017  0.747623
24   0.468423     0.380325     5.064854  0.737002
25   0.456338     0.388919     5.064854  0.737002
26   0.480268     0.372032     5.064854  0.737002
27   0.489284     0.365738     5.038926  0.725112
28   0.483197     0.369940     5.038926  0.725112
29   0.475609     0.375264     5.038926  0.725112
30   0.482184     0.370640     5.034146  0.722921
31   0.498254     0.359531     5.034146  0.722921
32   0.472042     0.377783     5.034146  0.722921
33   0.484479     0.369074     5.033854  0.722787
34   0.475971     0.375007     5.033854  0.722787
35   0.481435     0.371191     5.033854  0.722787
36   0.477511     0.373926     5.033546  0.722646
37   0.467165     0.381217     5.033546  0.722646
38   0.478191     0.373427     5.033546  0.722646
39   0.479207     0.372720     5.033504  0.722626
40   0.474247     0.376189     5.033504  0.722626
41   0.480361     0.371931     5.033504  0.722626
42   0.487712     0.366835     5.033510  0.722629
43   0.471965     0.377814     5.033510  0.722629
44   0.486373     0.367739     5.033510  0.722629
45   0.480125     0.372101     5.033505  0.722626
46   0.506072     0.354180     5.033505  0.722626
47   0.487031     0.367308     5.033505  0.722626
48   0.457961     0.387770     5.033504  0.722626
49   0.480211     0.372037     5.033504  0.722626
50   0.495987     0.361096     5.033504  0.722626
51   0.476786     0.374425     5.033497  0.722624
52   0.489931     0.365285     5.033497  0.722624
53   0.461969     0.384893     5.033497  0.722624
54   0.473011     0.377078     5.033502  0.722625
55   0.487566     0.366938     5.033502  0.722625
56   0.480643     0.371719     5.033502  0.722625
57   0.493772     0.362628     5.033503  0.722626
58   0.467622     0.380855     5.033503  0.722626
59   0.500889     0.357758     5.033503  0.722626
60   0.465945     0.382048     5.033504  0.722626
61   0.487947     0.366649     5.033504  0.722626
62   0.481046     0.371444     5.033504  0.722626
63   0.482247     0.370609     5.033504  0.722626
64   0.491191     0.364397     5.033504  0.722626
65   0.458753     0.387172     5.033504  0.722626
66   0.497647     0.360000     5.033504  0.722626
67   0.474776     0.375847     5.033504  0.722626
68   0.495591     0.361387     5.033504  0.722626
69   0.474429     0.376055     5.033504  0.722626
70   0.482911     0.370140     5.033504  0.722626
71   0.490797     0.364677     5.033504  0.722626
72   0.466004     0.382024     5.033504  0.722626
73   0.488105     0.366535     5.033504  0.722626
74   0.471091     0.378419     5.033504  0.722626
75   0.480494     0.371858     5.033504  0.722626
76   0.463418     0.383859     5.033504  0.722626
77   0.477774     0.373728     5.033504  0.722626
78   0.486331     0.367750     5.033504  0.722626
79   0.520796     0.344256     5.033504  0.722626
80   0.478055     0.373540     5.033504  0.722626
81   0.582556     0.314567     5.106278  1.769936
82   1.465074     0.004201     8.956478 -2.179865
83   1.403024     0.005958     6.455031 -2.179865
84   0.751022     0.203856     6.455031  0.355180
85   1.169336     0.031613     0.131534 -2.813927
86   1.227903    -0.022470     6.002241 -0.161921
87   1.095883     0.043885     9.346016 -0.161921
88   0.530864     0.343380     9.346016  1.612318
89   0.502273     0.357433     8.784214  0.923727
90   0.918013     0.118050     9.523968  0.195933
91   0.571715     0.310255     2.021184  0.195933
92   1.286374     0.059441     2.021184  1.289397
93   1.637578     0.035992     6.419142 -2.779839
94   0.547927     0.326202     6.190029  0.619203
95   1.598063     0.013478     0.672048  0.619203
96   1.096547     0.060313     0.672048 -1.914698
97   1.380525    -0.016157     2.215077 -2.092269
98   1.183640     0.008312     6.232817 -0.464191
99   1.218661    -0.001571     7.341466 -0.464191
100  0.531743     0.337224     7.341466  0.798164
101  0.466111     0.386781     5.684310  1.690855
102  1.034013     0.065081     7.496316 -0.046812
103  0.721149     0.219066     1.127913 -0.046812
104  1.148734     0.026177     1.127913 -1.373646
105  0.455651     0.393974     5.684310  1.690855
106  0.474827     0.380749     5.684310  1.690855
107  0.490553     0.370301     5.684310  1.690855
108  1.459938     0.003469     0.100000 -3.000000
109  1.663334     0.009420     0.100000 -3.000000
110  1.761731    -0.033144     0.100000 -3.000000
111  0.470524     0.381866     5.423136  1.471467
112  0.491297     0.367490     5.423136  1.471467
113  0.470520     0.381891     5.423136  1.471467
114  0.466817     0.385669     5.613680  1.631526
115  0.477765     0.378189     5.613680  1.631526
116  0.479224     0.377352     5.613680  1.631526
117  0.488317     0.371461     5.665320  1.674903
118  0.479042     0.377838     5.665320  1.674903
119  0.464125     0.388299     5.665320  1.674903
120  0.468334     0.385466     5.675917  1.683805
121  0.445484     0.401219     5.675917  1.683805
122  0.464629     0.387953     5.675917  1.683805
123  0.460842     0.390141     5.680710  1.687831
124  0.473169     0.381976     5.680710  1.687831
125  0.458552     0.391789     5.680710  1.687831
126  0.449898     0.398399     5.683231  1.689949
127  0.473948     0.381560     5.683231  1.689949
128  0.486327     0.372829     5.683231  1.689949
129  0.463423     0.389336     5.684093  1.690673
130  0.444448     0.402240     5.684093  1.690673
131  0.453189     0.396161     5.684093  1.690673
132  0.478270     0.378082     5.684216  1.690776
133  0.488195     0.371573     5.684216  1.690776
134  0.453511     0.396065     5.684216  1.690776
135  0.490292     0.369881     5.684275  1.690826
136  0.479832     0.377614     5.684275  1.690826
137  0.493560     0.368122     5.684275  1.690826
138  0.471749     0.382674     5.684297  1.690844
139  0.495689     0.366409     5.684297  1.690844
140  0.471209     0.383249     5.684297  1.690844
141  0.467518     0.385726     5.684306  1.690852
142  0.480308     0.376769     5.684306  1.690852
143  0.459281     0.391492     5.684306  1.690852
144  0.480613     0.377145     5.684309  1.690854
145  0.489362     0.370537     5.684309  1.690854
146  0.457966     0.392967     5.684309  1.690854
147  0.456043     0.393757     5.684309  1.690855
148  0.471439     0.383156     5.684309  1.690855
149  0.485827     0.373462     5.684309  1.690855
150  0.458601     0.392091     5.684310  1.690855
151  0.477107     0.379119     5.684310  1.690855
152  0.459630     0.391395     5.684310  1.690855
153  0.475378     0.380181     5.684310  1.690855
154  0.451603     0.397050     5.684310  1.690855
155  0.494148     0.368232     5.684310  1.690855
156  0.461202     0.390678     5.684310  1.690855
157  0.485607     0.373702     5.684310  1.690855
158  0.489930     0.370835     5.684310  1.690855
159  0.445419     0.401448     5.684310  1.690855
160  0.461839     0.389890     5.684310  1.690855
161  0.453883     0.395616     5.684310  1.690855
162  0.459437     0.391481     5.684310  1.690855
163  0.465224     0.387579     5.684310  1.690855
164  0.438333     0.406715     5.684310  1.690855
165  0.462269     0.389608     5.684310  1.690855
166  0.464985     0.388362     5.684310  1.690855
167  0.490338     0.370421     5.684310  1.690855
168  0.461209     0.390552     5.684310  1.690855
169  0.480912     0.376318     5.684310  1.690855
170  0.505076     0.360347     5.684310  1.690855
171  0.482970     0.375167     5.684310  1.690855
172  0.447303     0.399905     5.684310  1.690855
173  0.482890     0.375037     5.684310  1.690855
174  1.217707    -0.001072     8.358480 -0.479012
175  0.893740     0.129204     7.736054  0.189034
176  0.803426     0.174695     4.899773  0.189034
177  0.490622     0.364735     4.899773  0.674891
178  3.321645     0.032967     5.994481  2.669599
179  0.795702     0.176867     0.889947 -0.151694
180  0.962986     0.093094     2.688893 -0.151694
181  1.707762    -0.060830     2.688893 -2.623240
182  1.346636     0.025333     2.836409  1.362499
183  0.472666     0.383565     9.907219  1.833309
184  2.502591     0.049890     2.786994  1.833309
185  1.198602    -0.003298     2.786994 -0.610868
186  1.520777     0.004375     4.628329 -2.913244
187  1.662621    -0.007179     7.900393 -2.701135
188  1.675412    -0.018264     7.263638 -2.701135
189  1.042730     0.148972     7.263638  2.396017
190  1.361923    -0.028747     3.435518 -1.884822
191  0.542141     0.341234     7.428653  2.182368
192  1.203798     0.118900     5.674930  2.182368
193  0.954070     0.179904     5.674930  2.138119
194  1.114944     0.041147     0.475437 -1.656593
195  0.467193     0.384778     5.076028  1.545948
196       NaN          NaN     1.018803  1.545948
197  1.565920     0.014906     5.076028 -2.635950
198       NaN          NaN     0.403945  1.482656
199  1.167700     0.014258     8.042542 -0.319903
200  1.175440     0.007481     6.372959 -0.319903
201  1.341366    -0.042355     6.372959 -1.184540
202       NaN          NaN     0.219915  1.828809
203  0.570345     0.311554     5.556200  0.502543
204  0.661727     0.255224     7.114101  0.502543
205  1.449810     0.051261     7.114101  2.502732
206  1.684379     0.071094     2.519560  1.548026
207  1.412025    -0.001581     7.731011 -1.363821
208  1.380535    -0.064889     6.154324 -1.363821
209  0.730069     0.238670     6.154324  2.059258
210  0.475970     0.377753     5.737756  1.399062
211  1.199879    -0.000643     8.067469 -0.258907
212  0.527479     0.343587     7.153874  1.399062
213  0.532670     0.339282     7.153874  1.274163
214  1.299928    -0.025630     8.146297 -1.341044
215  0.518596     0.346943     4.978838  1.076911
216  0.509819     0.353061     6.093971  1.076911
217  0.531766     0.339676     6.093971  1.274870
218  0.931429     0.110018     4.492002 -0.014169
219  1.478803    -0.009946     7.522979 -1.434892
220  1.480853     0.016310     1.903728  1.274870
221  1.544119     0.035076     6.093971 -2.794185
222  0.475507     0.386132     8.788093  2.446603
223  0.473304     0.382532     9.140538  1.738218
224  1.323642    -0.080360     1.467653  1.738218
225  0.516495     0.352981     9.140538  1.651660
226  1.127763     0.029287     6.647469 -0.317892
227  1.274365    -0.008007     9.468443 -1.214406
228  0.524717     0.347613     9.712069  1.651660
229  0.816332     0.168943     9.712069  0.420687
230  0.507156     0.353604     2.052888  0.644116
231  0.645726     0.263929     1.214262  0.123295
232  1.014611     0.072305     8.881194  0.123295
233  0.845495     0.154833     8.881194  0.240340
234  1.261073    -0.019963     6.458994 -0.563063
235  1.491096     0.083027     6.275754  2.584536
236  0.864376     0.144324     8.051640  0.240340
237  1.410371    -0.069289     8.051640 -0.890550
238  1.709807    -0.023570     7.222457 -2.928392
239  1.823331     0.070129     4.410493  2.716040
240  0.747755     0.205347     5.056535  0.240340
241  1.215188     0.020069     5.056535 -1.064317
242  1.641205    -0.048876     1.701237 -2.835596
243  0.526116     0.345092     7.616093  1.475960
244  0.509494     0.354825     4.720648  1.475960
245  1.625906     0.031624     4.720648 -2.559419
246  1.501055    -0.028931     7.527830 -1.833965
247  0.496162     0.371745     8.546478  2.357220
248  0.450082     0.401619     9.407131  2.357220
249  0.431927     0.413359     9.407131  2.174521
250  0.434924     0.411388     9.407131  2.174521
251  0.426823     0.417295     9.407131  2.174521
252  0.428472     0.415979     9.407131  2.174521
253  1.497629     0.056678    10.000000  3.000000
254  1.211419     0.118731    10.000000  3.000000
255  0.833210     0.212938    10.000000  3.000000
256  0.519042     0.357408     9.752272  2.655077
257  0.542049     0.344856     9.752272  2.655077
258  0.476522     0.386372     9.752272  2.655077
259  0.427664     0.416995     9.457322  2.244405
260  0.428509     0.416332     9.457322  2.244405
261  0.455652     0.397586     9.457322  2.244405
262  0.433923     0.412392     9.434470  2.212586
263  0.438682     0.408912     9.434470  2.212586
264  0.445735     0.404154     9.434470  2.212586
265  0.431183     0.414396     9.421152  2.194044
266  0.421222     0.421730     9.421152  2.194044
267  0.425821     0.418080     9.421152  2.194044
268  0.424839     0.418884     9.410067  2.178609
269  0.442984     0.405631     9.410067  2.178609
270  0.421133     0.421332     9.410067  2.178609
271  0.446411     0.403352     9.408499  2.176426
272  0.434503     0.411519     9.408499  2.176426
273  0.426868     0.417232     9.408499  2.176426
274  0.432729     0.413189     9.407321  2.174785
275  0.426505     0.417627     9.407321  2.174785
276  0.419046     0.422834     9.407321  2.174786
277  0.436072     0.410600     9.407165  2.174568
278  0.431477     0.413635     9.407165  2.174568
279  0.432012     0.413661     9.407165  2.174568
280  0.428567     0.416137     9.407139  2.174533
281  0.427635     0.416580     9.407139  2.174533
282  0.443826     0.405127     9.407139  2.174533
283  0.435614     0.411153     9.407135  2.174527
284  0.440485     0.407482     9.407135  2.174527
285  0.434580     0.411846     9.407135  2.174527
286  0.439862     0.407921     9.407133  2.174524
287  0.425245     0.418355     9.407133  2.174524
288  0.429758     0.415179     9.407133  2.174524
289  0.428148     0.416300     9.407131  2.174522
290  0.425481     0.418388     9.407131  2.174522
291  0.450719     0.400105     9.407131  2.174522
292  0.435905     0.411027     9.407131  2.174522
293  0.445834     0.403855     9.407131  2.174522
294  0.427189     0.417037     9.407131  2.174522
295  0.433625     0.412298     9.407131  2.174522
296  0.425471     0.418472     9.407131  2.174522
297  0.435268     0.411001     9.407131  2.174522
298  0.427033     0.416845     9.407132  2.174522
299  0.425217     0.418410     9.407132  2.174522
300  0.448460     0.401805     9.407132  2.174522
301  0.420492     0.421785     9.407132  2.174522
302  0.432622     0.413232     9.407132  2.174522
303  0.422617     0.420046     9.407132  2.174522
304  0.420571     0.421883     9.407132  2.174521
305  0.431092     0.413967     9.407132  2.174521
306  0.428889     0.415634     9.407132  2.174521
307  0.429355     0.415549     9.407132  2.174522
308  0.436704     0.410186     9.407132  2.174522
309  0.435709     0.410828     9.407132  2.174522
310  0.433624     0.412143     9.407132  2.174522
311  0.437874     0.409333     9.407132  2.174522
312  0.439031     0.408550     9.407132  2.174522
313  0.432118     0.413482     9.407132  2.174522
314  0.417485     0.424096     9.407132  2.174522
315  0.427979     0.416485     9.407132  2.174522
316  0.417914     0.423742     9.407132  2.174522
317  0.438872     0.408804     9.407132  2.174522
318  0.436737     0.410390     9.407132  2.174522
319  0.422306     0.420528     9.407132  2.174522
320  0.434252     0.412433     9.407132  2.174522
321  0.429250     0.415524     9.407132  2.174522
322  0.425092     0.418559     9.407132  2.174522
323  0.422375     0.420605     9.407132  2.174522
324  0.426386     0.417520     9.407132  2.174522
325  0.432027     0.413643     9.407132  2.174522
326  0.434229     0.411814     9.407132  2.174522
327  0.434502     0.411712     9.407132  2.174522
328  0.892973     0.129850     7.530702  0.195021
329  0.442864     0.404251     9.031010  1.827667
330  0.451920     0.397695     8.380215  1.827667
331  0.466069     0.389765     8.380215  2.196588
332  0.851757     0.149480     2.372022 -0.154632
333  1.662342    -0.019752     8.610492 -2.673135
334  0.446102     0.403685     8.227736  2.196588
335  1.524130     0.010259     8.227736 -2.032994
336  1.486181    -0.038535     5.760686 -1.957252
337  0.617836     0.281657     3.252088  1.143933
338  0.537239     0.335317     9.275480  1.143933
339  1.701371    -0.030723     9.275480 -2.810805
340  0.602693     0.291092     5.884659  0.490008
341  1.291860    -0.035132     1.989810 -1.151383
342  0.690414     0.239002     9.533149  0.490008
343  0.512317     0.351330     9.533149  1.091752
344  0.442391     0.404708     9.020936  1.853328
345  0.447408     0.403449     9.064957  2.248833
346  0.447214     0.403500     9.611802  2.248833
347  1.051525     0.055638     9.611802  0.080321
348  1.313147    -0.021411     7.493444 -1.018271
349  1.606954     0.047412     4.398474  2.713220
350       NaN          NaN     1.001415  2.248833
351  1.483944    -0.008803     9.611802 -1.457122
352  0.454298     0.394594     6.683961  1.643960
353  0.530386     0.340177     7.510369  1.196073
354  0.579333     0.306176     3.464839  1.196073
355  0.512077     0.349804     3.464839  0.401528
356  0.475245     0.381453     9.062548  1.760989
357  0.519571     0.359116     9.263355  2.651887
358  0.425638     0.416085     7.129550  1.760989
359  1.343490     0.001485     7.129550 -1.406798
360  0.439678     0.405971     7.129550  1.760989
361  0.442697     0.403612     7.129550  1.760989
362  0.447957     0.399805     7.129550  1.760989
363  1.439997     0.011314     0.100000 -3.000000
364  1.230712     0.033233     0.100000 -3.000000
365  1.356523     0.008849     0.100000 -3.000000
366  1.191056     0.007752     3.048142 -1.003276
367  1.273471    -0.023986     3.048142 -1.003276
368  1.317998    -0.043875     3.048142 -1.003276
369  0.449288     0.398531     7.031338  1.694472
370  0.437487     0.406998     7.031338  1.694472
371  0.444514     0.401891     7.031338  1.694472
372  0.442846     0.403204     7.077285  1.725591
373  0.452556     0.396417     7.077285  1.725591
374  0.429842     0.412673     7.077285  1.725591
375  0.446402     0.401019     7.113015  1.749790
376  0.452876     0.396302     7.113015  1.749790
377  0.447059     0.400583     7.113015  1.749790
378  0.430856     0.412285     7.125762  1.758424
379  0.440094     0.405606     7.125762  1.758424
380  0.425382     0.416061     7.125762  1.758424
381  0.447327     0.400238     7.128621  1.760360
382  0.426077     0.415652     7.128622  1.760360
383  0.434938     0.409357     7.128621  1.760360
384  0.430669     0.412319     7.129032  1.760638
385  0.442120     0.404115     7.129032  1.760638
386  0.434681     0.409539     7.129032  1.760638
387  0.436565     0.408239     7.129463  1.760930
388  0.445576     0.401634     7.129463  1.760930
389  0.436009     0.408462     7.129463  1.760930
390  0.445408     0.401871     7.129532  1.760977
391  0.446138     0.401211     7.129532  1.760977
392  0.450215     0.398069     7.129532  1.760977
393  0.430462     0.412539     7.129545  1.760986
394  0.449003     0.399281     7.129545  1.760986
395  0.434033     0.409898     7.129545  1.760986
396  0.450065     0.398320     7.129541  1.760983
397  0.450410     0.398170     7.129541  1.760983
398  0.442127     0.404161     7.129541  1.760983
399  0.429856     0.412905     7.129544  1.760985
400  0.439038     0.406319     7.129544  1.760985
401  0.437347     0.407611     7.129544  1.760985
402  0.436512     0.408152     7.129542  1.760984
403  0.444040     0.402749     7.129542  1.760984
404  0.435873     0.408721     7.129542  1.760984
405  0.450580     0.398117     7.129543  1.760984
406  0.451693     0.397193     7.129543  1.760984
407  0.454583     0.395198     7.129543  1.760984
408  0.450626     0.398169     7.129544  1.760985
409  0.421216     0.419119     7.129544  1.760985
410  0.437413     0.407454     7.129544  1.760985
411  0.513359     0.350729     6.081969  1.085534
412  1.279686    -0.014037     2.349654 -1.474927
413  0.522621     0.344518     7.544383  1.085534
414  1.038359     0.062624     7.544383 -0.048255
415       NaN          NaN     0.227124  1.098772
416  0.498739     0.358950     2.311341  0.544071
417  0.606259     0.289293     8.129025  0.544071
418  0.965764     0.094234     8.129025  0.153332
419  1.623988    -0.026647     6.600314 -2.249999
420  1.397365    -0.074312     3.165741 -1.866281
421  0.554094     0.322022     4.738858  0.544071
422  1.030253     0.149729     4.738858  1.916294
423  1.387599     0.036092     8.885260 -2.134026
424  1.148342     0.015971     5.309475 -0.269723
425  0.548591     0.325664     5.893309  0.544071
426  0.524817     0.341626     5.893309  0.755193
427  1.156820     0.015587     8.413265 -0.236309
428  0.492617     0.363253     4.370106  0.574962
429  0.676865     0.246940     9.457832  0.574962
430  1.138600     0.019946     4.370106 -0.378900
431  0.554639     0.323959     4.098781  1.379412
432  1.782392     0.006713     9.464478 -2.729589
433  0.517613     0.350068     7.411553  1.379412
434  1.674743     0.010902     7.411553 -2.539211
435  1.247480    -0.003707     1.516725 -1.607094
436  0.459977     0.392156     6.671327  1.834939
437  2.482453     0.008515     2.202483  1.834939
438  0.499932     0.367424     6.671327  1.991183
439  1.577879    -0.022272     5.981247 -2.296111
440  1.248906    -0.002608     8.522444 -0.895530
441  0.432056     0.412884     9.990520  1.991183
442  1.564914    -0.036266     9.990520 -1.594311
443  0.618169     0.280726     1.358016  0.136745
444  0.978790     0.147763     8.011777  2.611905
445  3.873853    -0.002609     1.204472  1.991183
446  0.985586     0.085749     9.990520  0.162304
447  0.748640     0.204910     6.236958  0.325519
448  0.628575     0.274267     1.412817  0.149313
449  2.492914     0.001263     1.796935  1.991183
450  1.176782     0.011057     9.990520 -0.236919
451  0.535865     0.337018     6.618484  1.248415
452  1.503417     0.014660     7.824702 -2.120762
453  0.595881     0.308206     6.047157  1.991183
454  0.554259     0.327522     9.990520  1.519102
455  1.242215    -0.009022     5.743765 -0.783227
456  0.427988     0.416923     8.737708  2.206060
457  0.969931     0.158290     5.868382  2.206060
458  0.584221     0.322056     8.737708  2.577685
459  1.406157    -0.062407     2.747941 -1.807392
460  1.472877     0.006818     9.923535 -1.651496
461  1.042044     0.144426     6.249460  2.206060
462  1.682154     0.004336     8.737708 -2.782365
463  0.505751     0.354596     3.857143  0.917214
464  1.090959     0.039427     9.141373  0.020098
465  0.438013     0.409519     8.792041  2.206060
466  1.541938     0.020129     8.792041 -2.846721
467  0.994278     0.167759     7.552287  2.810641
468  1.289356     0.006935     1.389355 -2.330602
469  2.082665     0.035492     3.014181  2.206060
470  0.463849     0.392463     8.792041  2.326421
471  0.545499     0.331776     9.470938  1.369092
472  1.139741     0.015961     4.404228 -0.277867
473  3.950578    -0.010149     1.090509  2.326421
474  0.532613     0.341689     8.792041  1.558050
475  1.538993    -0.020433     1.176156 -2.399515
476  1.291145    -0.027054     9.520161 -0.630092
477  2.519329     0.012889     2.093265  2.326421
478  1.185773     0.004926     8.792041 -0.223023
479  1.289900    -0.035573     7.951370 -0.423396
480  1.270749    -0.037027     2.392842 -0.634212
481  2.019297     0.040046     3.458383  2.326421
482  1.300970    -0.022949     8.792041 -0.974800
483  1.548760    -0.042585     1.305060 -2.863666
484  1.784432    -0.018150     7.823504 -2.715484
485  1.750986     0.059920     5.101949  2.326421
486  0.674891     0.248012     8.792041  0.527939
487  1.907244     0.035090     4.640787  2.205858
488  1.403115     0.021180     9.162857 -1.821475
489  1.336759    -0.086048     1.437949  2.326421
490  1.444731    -0.008672     8.792041 -1.301507
491  0.990589     0.084331     7.882125  0.010563
492  1.360913    -0.046535     9.893698 -1.012076
493  2.141276     0.028014     6.576253  2.326421
494  1.340193    -0.033985     8.792041 -0.946669
495  0.576371     0.307614     3.280313  1.032059
496  0.551805     0.326681     9.945244  1.259108
497  2.370000     0.057951     4.490965  2.326421
498  1.344425     0.008586     8.792041 -1.483724
499  0.485375     0.370895     5.330920  1.381184