error: 0.75 | highest correlation: nan
best global temp: 6.263891947568336 | best alpha: 1.3448732234537601 | best average temperature: 1.17
time scale: <class 'ising.Jij_sorted_ising'> | partial correlation: True

        error  correlation  global temp     alpha
0    1.017186     0.180572     2.660589  0.954460
1         NaN          NaN     0.474396  1.571174
2    1.554656    -0.008201     1.789232 -1.416897
3    1.391283     0.028216     0.821253 -1.416897
4         NaN          NaN     0.821253  1.717262
5    1.526888     0.008546     0.812778 -1.894991
6    1.441111     0.010550     2.779244 -0.745864
7    1.415506     0.017213     1.609018 -0.745864
8    1.580167     0.045509     1.609018  1.706890
9    1.505626     0.019653     8.698783 -0.803345
10   0.798753     0.289935     5.544700  0.842571
11   1.640889    -0.002933     0.683780  0.842571
12   1.491387     0.018339     0.683780 -1.928441
13   1.849066     0.066232     2.239389  1.859084
14   0.785563     0.296740     6.343703  1.204642
15   0.784329     0.297520     4.668479  1.204642
16   1.719640     0.033063     4.668479  2.747238
17   0.803585     0.287184     8.348261  1.375546
18   1.595320     0.039155     5.535286 -1.555282
19   1.602349     0.027948     9.376731 -1.555282
20   1.168276     0.115165     9.376731  0.530078
21   1.443437     0.010188     3.946347 -0.447974
22   1.512802    -0.001576     8.471452 -0.513649
23   1.420096     0.020373     4.056289 -0.513649
24   1.492703     0.012677     4.056289 -1.070759
25   1.329571     0.088216     5.780894  1.853846
26   1.000492     0.188730     2.331824  0.747205
27   1.034481     0.173351     9.363796  0.747205
28   1.987705     0.006545     9.363796 -2.628840
29   1.242918     0.084951     7.640074  0.274621
30   0.913511     0.233606     9.539113  2.340069
31   1.741908     0.035916     5.352338  2.340069
32   1.423104     0.018149     5.352338 -0.483795
33   2.068129    -0.003290     8.911099 -2.623963
34   1.611348     0.112626     7.894625  2.876657
35   3.841463    -0.001194     1.430568  2.876657
36   1.453761     0.022542     1.430568 -1.566951
37   0.816915     0.280958     3.085722  0.782790
38   0.842497     0.267254     3.270026  0.723692
39   0.995249     0.191101     6.707332  0.723692
40   1.636256    -0.016312     6.707332 -1.070104
41   0.799974     0.289166     9.848598  1.444232
42   1.671894    -0.005286     5.726615 -1.691893
43   1.492952    -0.003205     0.200588 -1.691893
44   1.639741    -0.002961     0.200588 -2.941701
45   0.792100     0.293457     5.724466  0.932809
46   1.875707     0.078732     7.244400  2.426013
47   2.094914     0.055404     4.631185  2.426013
48   0.808615     0.284689     4.631185  0.911081
49   2.551873     0.141188     4.250696  2.610661
50   1.655764     0.011754     5.003564 -1.607755
51   1.755901    -0.024313     2.716091 -1.607755
52   1.945844    -0.037872     2.716091 -2.331198
53   0.821061     0.278351     8.323745  1.930385
54   0.924165     0.230418     9.960495  2.505376
55   1.424366     0.091123     8.944618  2.505376
56   1.639665     0.014683     8.944618 -1.467453
57   1.650371     0.033674     3.109139 -2.311667
58   1.457663     0.025600     6.829612 -0.773999
59   1.401019     0.029930     0.147559 -0.773999
60   1.484767     0.014228     0.147559 -1.548064
61   1.790917    -0.029985     6.593900 -1.616952
62   1.778437    -0.008576     5.865378 -1.745474
63   1.841189    -0.008961     8.030974 -1.745474
64   1.951644    -0.019133     8.030974 -1.695796
65   1.669848     0.049046     4.366841  2.062758
66   1.789649     0.021023     2.031499 -2.583956
67   1.745858     0.013246     6.560481 -2.583956
68   1.781347     0.027065     6.560481 -2.045594
69   0.783067     0.298154     4.987037  1.253860
70   0.799751     0.289276     6.567537  1.634360
71   2.704638     0.126225     2.148427  1.634360
72   2.001092     0.020020     6.567537 -2.483212
73   1.396598     0.031554     9.369438 -0.160833
74   1.499821    -0.008304     6.119032 -0.463467
75   1.428093     0.021906     8.751656 -0.463467
76   0.784990     0.297157     8.751656  1.686861
77   2.294946     0.030421     6.402700  2.638372
78   1.513229    -0.015539     4.846211 -0.452560
79   1.044457     0.171827     5.300478  1.686861
80   1.234731     0.086302     5.300478  0.213526
81   2.156074     0.000587     0.564236  0.564619
82   1.878183     0.009716     3.810951 -2.563990
83   1.362992     0.037507     7.954648  0.213526
84   1.887459     0.019452     7.954648 -2.596135
85   1.333848     0.040221     1.289472  0.638636
86   1.674759     0.035650     4.803424  1.840627
87   1.654051    -0.018458     3.261395  1.840627
88   0.981885     0.197213     3.261395  0.420224
89   1.353226     0.042500     8.398546  0.157374
90   0.824275     0.276418     5.391759  0.807004
91   0.835241     0.270661     5.358160  0.807004
92   1.817561    -0.000317     5.358160 -1.885035
93   1.020024     0.178947     2.174617  0.278313
94   1.210648     0.094840     4.758306  0.276247
95   1.011058     0.183300     2.212863  0.276247
96   2.799945     0.091491     2.212863  2.267109
97   1.781348     0.033324     6.032638 -2.381183
98   0.766853     0.306910     5.079758  1.198617
99   0.761191     0.309941     5.705818  1.198617
100  1.644067    -0.001795     5.705818 -1.524639
101  1.157140     0.117709     2.396123 -0.011252
102       NaN          NaN     0.222129  2.060297
103  0.827293     0.274756     9.545554  1.198617
104  1.549638     0.019802     9.545554 -0.908208
105  1.436255     0.072534     9.070882  2.592963
106  1.135307     0.134861     4.613898  1.618181
107  1.083901     0.150856     2.933780  1.198617
108  1.338338     0.047541     2.933780 -0.295658
109  2.416503     0.059727     6.250132  2.991551
110       NaN          NaN     0.278697  1.803006
111  1.375723     0.036934     5.096352 -0.295658
112  1.418099     0.020172     5.096352 -0.342979
113       NaN          NaN     0.773931  1.620298
114       NaN          NaN     0.641995  1.934195
115  1.478192    -0.001853     4.597272 -0.342979
116  1.606369     0.004829     4.597272 -2.157619
117  1.876432    -0.025567     0.675269 -2.847852
118  0.761675     0.310132     4.142575  0.931280
119  0.914042     0.230779     9.896850  0.931280
120  1.905028    -0.002800     9.896850 -2.362922
121  1.397635     0.029505     7.451550 -0.119347
122  0.893707     0.240813     9.271525  0.947963
123  2.178945     0.003872     1.194011  0.947963
124  0.782610     0.298445     9.271525  1.747684
125  1.436826     0.013409     2.993457 -0.654150
126  1.910582     0.006028     5.618898 -2.314022
127  0.768984     0.305665     7.435327  1.747684
128  1.447743     0.010226     7.435327 -0.260779
129  1.166538     0.132163     6.386891  2.132576
130  2.656947     0.110012     1.671004  1.426170
131       NaN          NaN     1.096442  1.747684
132  0.791700     0.293461     7.435327  1.413875
133  1.097470     0.162990     6.952080  2.092487
134  0.788086     0.295576     8.609510  1.915890
135  0.798939     0.289884     9.311352  1.915890
136  1.055672     0.173438     9.311352  2.574863
137  0.943922     0.222475     9.848821  2.512354
138  1.670333     0.028393     2.779020 -2.139005
139  2.253334     0.054494     2.884250  2.512354
140  1.343121     0.051070     9.848821 -0.118011
141  1.974242    -0.033520     5.230985 -1.823980
142  0.981990     0.197413     2.853673  0.997910
143  0.810793     0.283406     6.753404  0.997910
144  1.654549     0.007054     6.753404 -1.647794
145  1.717008    -0.022146     0.768361 -2.118673
146  1.673430     0.002782     7.704379 -1.534715
147  0.830301     0.273171     7.293512  0.997910
148  0.793873     0.292310     7.293512  1.337590
149  1.818581    -0.015549     3.716625 -1.617963
150  1.354102     0.044367     7.424476  0.002047
151  0.790523     0.294074     7.074735  1.337590
152  1.047921     0.178367     7.074735  2.159384
153  1.711361     0.057781     1.493807 -2.703772
154  1.752433     0.036799     6.916102 -2.054935
155       NaN          NaN     0.115871  1.337590
156  1.898405     0.017089     7.074735 -2.604140
157  1.372775     0.036043     6.640167  0.051473
158  0.833944     0.271915     8.625040  2.013869
159  1.003494     0.190536     7.055801  2.013869
160  1.523389    -0.010344     8.625040 -0.512023
161  1.403954     0.031121     8.847678 -0.285311
162  0.892658     0.241222     6.779647  0.836069
163  2.046383     0.132379     3.410959  2.013869
164  1.936307     0.018505     8.625040 -2.015221
165  1.685802     0.091934     8.699313  2.604570
166  1.987794     0.013121     8.127588 -2.675007
167  3.841463    -0.001194     1.170850  2.013869
168  1.833657     0.031005     8.625040 -2.456685
169  1.456811     0.004775     6.033153 -0.174959
170  2.669452     0.079205     3.741121  2.545549
171  0.795318     0.291874     9.180689  2.013869
172  1.091622     0.161944     9.180689  2.460654
173  1.883505     0.012736     5.380491 -2.677830
174  1.699921     0.013585     5.571949 -1.802635
175  2.042882     0.085897     4.002663  2.013869
176  1.566077     0.014965     9.180689 -1.220147
177       NaN          NaN     0.306346  2.070695
178  1.272278     0.073731     9.400759  0.338010
179  0.793104     0.292992     9.188412  2.013869
180  1.979514    -0.005979     9.188412 -2.593787
181  2.242940    -0.002556     9.286925 -2.540492
182  1.791581     0.028340     8.594756 -2.292838
183  0.793382     0.292854     8.891927  2.013869
184  1.866000     0.000681     8.891927 -1.914476
185  1.811702     0.001886     9.347616 -1.843619
186  1.025741     0.185595     8.174358  2.235617
187  1.766714     0.181214     3.794630  2.013869
188  0.903956     0.235661     8.891927  0.945500
189  1.294427     0.062184     4.995783  0.122115
190  0.815068     0.281091     8.450094  1.273774
191  0.813466     0.281962     8.640868  1.273774
192  1.342876     0.099314     8.640868  2.514192
193  1.303402     0.063764     9.128124  0.177119
194  2.104017    -0.016898     7.164287 -2.687044
195  0.795696     0.291311     6.252088  1.273774
196  0.975763     0.200598     6.252088  0.631599
197  1.119091     0.135404     6.819630  0.443220
198  2.049768     0.034367     6.170775  2.334360
199       NaN          NaN     0.149701  1.273774
200  1.894689     0.024895     6.252088 -2.066009
201  1.354353     0.041884     7.030705  0.095804
202  2.050726    -0.022549     4.363291 -2.411752
203  0.787570     0.295682     5.584984  1.273774
204  1.804005     0.039405     5.584984 -2.301447
205  1.852239    -0.004871     9.576484 -2.192965
206  0.808355     0.284599     7.092032  1.270286
207  0.783867     0.297644     6.075892  1.270286
208  1.176509     0.137222     6.075892  2.042127
209  1.617017    -0.007528     1.397978 -1.877464
210  0.904229     0.235514     6.751165  0.740720
211       NaN          NaN     0.741070  1.270286
212  1.401817     0.048223     6.075892 -1.256405
213  0.782084     0.298621     7.547404  1.665701
214  0.844151     0.266147     3.514556  1.060407
215  1.666994     0.031413     3.420726  1.665701
216  1.497687    -0.003226     7.547404 -0.499370
217  1.559764    -0.008898     0.782277  0.448088
218  1.137542     0.147167     7.678086  2.339628
219  1.706102     0.063401     4.013541  1.665701
220  1.547907     0.008352     7.547404 -1.085624
221  1.827597     0.002725     9.583981 -2.124775
222  1.290839     0.070559     8.879544  0.103477
223  2.056646     0.036584     2.312039  1.665701
224  1.172727     0.137742     7.547404  2.500604
225  1.984282     0.007289     9.695842 -2.669530
226  1.784943     0.041508     2.187444  2.722655
227       NaN          NaN     0.587106  1.665701
228  1.642034     0.044855     7.547404 -1.902136
229  1.846988    -0.002513     9.129845 -2.464429
230  0.750941     0.315492     6.263892  1.344873
231  1.412244     0.058787     3.018278  1.344873
232  1.662771     0.049889     6.263892 -2.102890
233  1.583127     0.017304     0.115179 -1.939799
234  1.332748     0.052488     7.883601  0.052418
235  0.769748     0.305247     5.402869  1.344873
236  1.402466     0.028314     5.402869 -0.298575
237       NaN          NaN     0.855305  1.913097
238  1.499258     0.014106     4.753202 -1.054544
239  0.777194     0.301291     5.423200  1.344873
240  1.932916     0.007674     5.423200 -2.687315
241  1.428396     0.094538     9.816056  2.656568
242  1.162794     0.117353     7.093706  0.355476
243  0.772522     0.303725     6.614142  1.344873
244  0.808128     0.284852     6.614142  0.976842
245  1.820241     0.031302     7.384994 -2.167882
246  0.780989     0.299363     9.983064  1.729699
247  0.819659     0.278955     6.613576  1.729699
248  1.662184     0.014845     9.983064 -1.482089
249  1.304710     0.056087     2.850748 -0.057974
250  0.791009     0.294043     9.990503  1.877648
251  1.079941     0.163694     5.911915  1.877648
252  1.470949     0.006809     9.990503 -0.570986
253  1.779477     0.031144     1.714059  1.180296
254  1.563244     0.015385     1.195709  0.826598
255  2.630170     0.148507     2.430355  1.877648
256  1.081424     0.162645     9.990503  2.718359
257  1.735941    -0.005247     3.140564 -2.146037
258  1.409274     0.026879     1.635667 -1.117435
259       NaN          NaN     0.744810  1.877648
260  0.838500     0.268974     9.990503  1.357773
261  1.544566    -0.001535     8.148035 -0.893050
262  1.801206    -0.019928     6.312840 -1.484330
263  1.386283     0.078999     5.278625  1.877648
264  1.965700     0.053975     9.990503 -2.587443
265  0.911038     0.232487     2.335959  0.570991
266  1.876259    -0.000099     8.299849 -2.171294
267  0.788723     0.295199     9.210369  1.877648
268  1.271048     0.076372     9.210369  0.201674
269  1.695543    -0.026338     5.479649 -1.808279
270  1.365416     0.037589     5.836083 -0.045026
271  1.327509     0.108412     4.754953  1.877648
272  1.432363     0.093558     9.210369  2.708001
273  1.446025     0.033147     0.842115 -2.246130
274  0.822522     0.277227     8.795835  1.141080
275  0.822090     0.277777     7.693804  1.877648
276  1.270023     0.073334     9.210369  0.380561
277  1.347237     0.046534     8.684699  0.074035
278  1.850552    -0.007425     5.496393 -2.476382
279  1.765425     0.043746     4.096960  1.877648
280  1.491844     0.011267     9.210369 -0.670299
281  1.505041     0.011995     0.421234  0.050809
282  1.544601     0.002862     4.651184 -0.924678
283  0.833789     0.271888     7.346060  1.877648
284  0.808662     0.284916     9.210369  2.029251
285  1.990105     0.007263     3.867590 -2.985112
286  1.916223     0.003807     6.067764 -2.574410
287  3.231822     0.087447     1.985761  2.029251
288  1.105090     0.141872     9.210369  0.610416
289  1.681433    -0.004583     1.433901 -2.261478
290  1.880510    -0.007410     9.621262 -2.200642
291  0.837300     0.270239     8.300757  2.029251
292  0.924841     0.225355     9.210369  0.875512
293  1.010455     0.183777     4.682336  0.520737
294  1.422490     0.014486     1.324877 -0.805947
295  1.000050     0.194526     7.152644  2.029251
296  1.310464     0.061952     9.210369  0.072494
297  3.551226     0.072112     1.347569  1.478172
298  1.620707     0.015655     9.517533 -1.407006
299  1.409136     0.012377     1.555401  2.029251
300  1.890778     0.011818     9.210369 -2.126445
301  0.784370     0.297580     5.011305  0.981378
302  0.766731     0.306842     6.040694  1.466828
303  0.794195     0.292257     9.703282  1.466828
304  0.778252     0.300708     6.040694  1.144435
305  1.815623     0.025015     7.574066 -2.118287
306  1.404680     0.021025     2.563079 -0.382666
307  0.792864     0.293033     4.375246  1.144435
308  1.648938     0.074062     4.375246  1.878132
309  1.337865     0.039426     1.437486  0.882617
310  1.591060    -0.000179     2.536060  2.819113
311  0.808434     0.284582     6.910333  1.144435
312  1.497743     0.021211     6.910333 -1.312004
313  1.819951     0.009414     3.424199 -2.849233
314  1.421012     0.018827     3.449127 -0.662154
315  0.821673     0.277624     7.554504  1.144435
316  0.874521     0.250452     7.554504  0.871503
317  1.531368    -0.006496     8.814188 -0.711136
318  1.536828     0.088598     6.456642  2.484450
319  0.838471     0.268917     8.855868  1.144435
320  1.973552    -0.001790     8.855868 -2.003760
321  0.960401     0.207993     7.887955  0.753046
322  0.840865     0.267885     3.762216  0.693923
323  0.845315     0.265711     3.368865  0.693923
324  2.188167     0.058409     3.762216  1.925112
325  0.785034     0.297661     3.766198  0.727891
326  1.466650     0.099839     9.675259  2.656996
327  1.319862     0.044671     1.514806  0.727891
328  1.849602    -0.004702     3.766198 -2.609398
329  1.500659     0.088780     5.458135  2.033964
330  0.846568     0.265562     9.602582  2.161965
331  3.391849    -0.051438     0.525006  0.727891
332  1.384899     0.039102     3.766198 -0.888164
333  1.375328     0.034345     5.169517 -0.076921
334  1.663778    -0.000458     5.639152 -1.377757
335  1.016729     0.181606     9.162030  0.727891
336  2.149011    -0.014614     3.766198 -2.984586
337  1.943784    -0.023162     1.799558 -2.491475
338  1.779777     0.088242     6.527573  2.750505
339  0.992188     0.192874     8.173027  0.727891
340  0.897788     0.238684     3.766198  1.261672
341       NaN          NaN     0.554265  2.932583
342  1.628006     0.077125     7.832289  2.711937
343  1.463299    -0.003061     1.040516  0.727891
344  0.905422     0.234840     3.766198  1.243206
345  1.497068    -0.011701     2.239110 -0.628738
346  1.744043     0.018097     8.585302 -1.903967
347  0.903066     0.236092     6.511538  0.727891
348  1.415229     0.024103     3.766198 -0.822095
349  1.346227     0.043779     5.401732 -0.000898
350  0.804795     0.286541     5.150682  1.409889
351  1.148954     0.119220     1.623440  0.727891
352  1.541984     0.030938     3.766198 -1.566415
353  1.691993    -0.012181     7.534295 -1.468582
354  1.067361     0.158127     6.739365  0.561952
355  0.884374     0.245893     2.675584  0.727891
356  1.295059     0.084035     3.766198  1.498324
357  1.437561     0.012747     3.032065 -0.469951
358  2.467928     0.118107     3.692037  2.384058
359  0.979669     0.198590     6.937322  0.727891
360  1.383521     0.056420     3.766198  2.007537
361  1.727004     0.021149     5.297334 -2.418097
362  1.636305    -0.019843     0.119599 -0.730703
363       NaN          NaN     0.142650  0.727891
364  1.971587    -0.006546     3.766198 -2.696034
365  2.094879    -0.010107     5.759206 -2.683904
366  0.777284     0.301168     7.028496  1.549221
367       NaN          NaN     0.891735  1.549221
368  1.668530    -0.013650     7.028496 -1.216656
369  2.178534     0.047605     7.544653  2.975403
370  2.554691    -0.029680     4.097368  2.279820
371  1.325194     0.094518     4.112608  1.549221
372  1.770793     0.014496     7.028496 -1.743141
373  1.671936     0.010105     4.796843 -2.122599
374  1.484377    -0.001050     8.923640 -0.523021
375       NaN          NaN     0.805721  1.549221
376  1.524590     0.015750     7.028496 -1.217338
377  1.334875     0.041091     1.450608  0.910572
378  2.092673     0.114226     4.011089  2.636421
379  0.799216     0.289634     9.353901  1.549221
380  1.864167     0.003215     7.028496 -2.128776
381  1.641630     0.045745     3.399080 -2.191321
382  1.485747     0.023133     7.872551 -1.038877
383  1.712301     0.025970     3.265817  1.549221
384  1.385036     0.032643     7.028496  0.015079
385  1.363489     0.041959     9.836469  0.106351
386  1.975537    -0.003218     5.664704 -2.465298
387  2.607354     0.080679     2.400567  1.549221
388  1.513118     0.026074     7.028496 -0.972604
389  1.811997    -0.008519     1.971851 -2.533584
390  0.841044     0.267631     9.229567  1.054511
391       NaN          NaN     0.263393  1.549221
392  1.806031     0.015861     7.028496 -2.355961
393  2.029686    -0.005407     7.700405 -2.365183
394  1.603581    -0.011203     0.110767 -1.708733
395  0.790767     0.294106     9.475338  1.549221
396  1.031894     0.174514     7.028496  0.570887
397       NaN          NaN     0.650390  2.263000
398  0.842672     0.266721     8.860510  1.131350
399  0.959980     0.209109     5.081772  1.549221
400  1.481719     0.017542     7.028496 -0.968216
401  2.015037    -0.017518     9.522976 -2.244885
402  1.617684     0.015818     2.212430  1.651051
403  0.771823     0.304098     7.010690  1.549221
404  0.904670     0.235248     7.010690  0.785811
405  1.186640     0.108697     7.865673  0.291883
406  1.558522    -0.001194     3.117794  2.506388
407  1.729151     0.047110     2.841675  1.549221
408  0.789552     0.294633     7.010690  1.162277
409  1.596017    -0.018340     7.475784 -0.927008
410  1.334832     0.050427     8.234135  0.166287
411  0.798736     0.289820     8.263144  1.549221
412  1.895311    -0.022661     7.010690 -2.857225
413  1.397429     0.027123     3.949779 -0.454025
414  0.831233     0.272667     5.653215  0.946528
415  2.080541     0.117914     2.680976  1.549221
416  1.983026     0.026407     7.010690 -2.914962
417  1.576225     0.000986     1.682630 -2.304041
418  1.489464     0.025088     9.915084 -0.906647
419  0.875677     0.250164     5.376580  1.549221
420  1.822439     0.000136     7.010690 -2.367449
421  1.369655     0.041564     8.850725 -0.154088
422  1.440850     0.015888     3.695102 -0.809712
423  0.807698     0.285088     8.417628  1.549221
424  1.658067    -0.018680     7.010690 -0.937064
425  0.817964     0.279605     8.423875  1.299959
426  1.259434     0.077169     7.338897  0.319842
427  3.732989     0.025869     1.268363  1.549221
428  1.596485     0.080451     7.010690  2.801223
429  1.523606     0.038264     2.733451 -2.104832
430  1.453156     0.008148     7.279178 -0.366530
431  0.802256     0.287929     8.034565  1.549221
432  1.196596     0.158892     7.010690  2.398454
433  1.144494     0.121695     1.280369 -0.063367
434  1.248170     0.083076     6.950469  0.227859
435  0.783762     0.297690     6.537146  1.549221
436  0.797694     0.290322     7.010690  1.645180
437  0.792798     0.293218     4.302837  0.909875
438  1.713582    -0.008529     8.560024 -1.426423
439  2.405813     0.042049     2.391988  1.549221
440  1.716910     0.103062     7.010690  2.527457
441  0.897371     0.238709     3.409243  1.092242
442  2.117904     0.004264     9.212868 -2.984952
443  1.517845     0.029342     3.262243  1.549221
444  1.844491     0.049131     7.010690  2.788208
445  1.963965     0.025813     3.522536 -2.509639
446  1.632166     0.035484     6.458712  2.234304
447  1.470787     0.018591     3.898309  1.549221
448  0.787076     0.295939     7.010690  1.603862
449  1.505570    -0.003514     5.157994 -0.870420
450  1.461730     0.011089     7.109213 -0.783453
451  0.833957     0.271320     6.082723  1.549221
452  0.762822     0.308966     7.010690  1.426922
453  1.694875     0.058007     9.664533 -1.977226
454  1.721412     0.058486     7.949143 -2.250473
455  0.830255     0.273292     9.734763  1.426922
456  1.536838     0.045499     7.010690 -1.662251
457  1.360739     0.026982     3.768865  2.619631
458  1.481018     0.021292     4.721569 -1.009211
459  0.791049     0.293821     7.723874  1.426922
460  1.573271    -0.003368     7.010690 -0.944642
461       NaN          NaN     0.741288  0.888855
462  1.555158    -0.005357     7.191882 -0.823598
463  0.821673     0.277700     8.030935  1.426922
464  1.921968     0.033380     7.010690 -2.622161
465  1.593859    -0.015051     9.391767 -1.110619
466  0.818991     0.279049     5.003708  1.387328
467  0.804696     0.286679     9.232290  1.426922
468  1.376314     0.041377     7.010690 -0.731373
469  1.692351     0.012812     6.230907 -1.539564
470  1.683844     0.006883     9.047319 -1.192053
471  0.777570     0.301019     5.701434  1.426922
472  1.679360     0.023106     7.010690 -1.896555
473  1.273772     0.071914     5.006303  0.030171
474  1.229181     0.086927     3.355834  0.097678
475  0.808902     0.284383     7.872549  1.426922
476  0.833224     0.271604     7.010690  1.043485
477  1.283907     0.067287     8.205354  0.317955
478  0.973862     0.207056     9.556816  2.387852
479  0.772696     0.303651     6.552156  1.426922
480  1.636984     0.034081     7.010690 -1.652280
481  1.121514     0.131776     1.836045  0.741387
482  1.743056     0.001785     4.285896 -1.443202
483  0.771634     0.304220     5.874507  1.426922
484  1.616206     0.034460     7.010690 -1.732231
485  1.771920     0.011370     6.150597 -1.883122
486  1.123190     0.131216     1.349942  0.169640
487  1.859545     0.020086     2.271735  1.426922
488  1.778437     0.041018     7.010690  2.533203
489  1.952087     0.008463     7.809687 -2.435043
490  0.819062     0.279238     7.184092  1.750850
491  0.787350     0.295788     5.154470  1.426922
492  1.536690     0.022097     7.010690 -1.231096
493  1.517831    -0.006203     2.143872 -1.102945
494  2.025031    -0.001048     8.835752 -2.393373
495  0.791441     0.293596     6.242593  1.426922
496  1.647999     0.036307     7.010690 -1.805540
497  0.804290     0.286795     7.115967  1.136076
498  1.591155     0.027094     8.627911 -1.068122
499  1.372109     0.070147     2.887192  1.426922