error: 0.70 | highest correlation: nan
best global temp: 9.007613952022876 | best alpha: 1.6977337616408477 | best average temperature: 1.31
time scale: <class 'ising.random_ising'> | partial correlation: True

        error  correlation  global temp     alpha
0    1.374038     0.022145     6.580864 -2.430826
1    1.361415     0.027497     8.760308 -2.051383
2    1.392176     0.014386     8.759343 -0.552348
3    1.178766     0.106468     0.697737 -0.552348
4         NaN          NaN     0.697737  2.561399
5    1.263604     0.068928     6.831836 -0.260384
6    1.006033     0.185795     4.076454  0.556313
7    1.111870     0.136533     8.849972  0.556313
8    0.739906     0.323309     8.849972  1.502929
9    0.944444     0.215590     2.981881  0.648976
10   1.935510     0.043078     3.842267  2.409362
11   1.301258     0.148043     7.813367  2.409362
12   1.265113     0.068201     7.813367 -0.028738
13   1.728504     0.010823     4.286030  2.443925
14   1.339123     0.036850     4.214244 -2.650068
15   1.413526     0.005713     4.606647 -2.650068
16   1.320720     0.044352     4.606647 -1.355414
17   1.339073     0.036686     2.582525 -2.779536
18   3.683977    -0.004860     1.482551  1.682416
19   0.724613     0.331316     8.166808  1.682416
20   1.069571     0.155982     8.166808  0.714290
21   0.999699     0.188580     2.563187  0.524801
22   1.385448     0.017067     8.634333 -0.442512
23   1.283587     0.060225     6.445147 -0.442512
24   0.737857     0.324416     6.445147  1.310015
25   1.396312     0.012826     7.263877 -1.140857
26   1.299075     0.053702     7.782371 -0.301882
27   1.241252     0.078509     4.632930 -0.301882
28   1.024906     0.176750     4.632930  0.612308
29   1.285673     0.059630     3.462044 -2.370644
30   1.335406     0.038274     1.874313 -2.694289
31   1.368333     0.024539     3.625430 -2.694289
32   1.324721     0.042854     3.625430 -1.107635
33   1.383562     0.062514     3.931935  1.598870
34   2.421123     0.050240     4.135087  2.433730
35   1.658354     0.027399     6.075500  2.433730
36   1.339508     0.074052     6.075500  2.202573
37   1.163639     0.112914     2.296727 -0.376878
38   1.358859     0.028291     5.723861 -1.090909
39   1.177208     0.106931     0.959679 -1.090909
40        NaN          NaN     0.959679  1.196798
41   1.334373     0.038579     3.989034 -1.596909
42   1.637253     0.054560     3.683602  1.639733
43   1.011704     0.184386     5.614502  1.639733
44   1.208633     0.092711     5.614502  0.163889
45   1.361609     0.027324     6.076426 -1.578413
46   0.715896     0.336138     9.248704  1.800294
47   1.004095     0.187229     6.585249  1.800294
48   1.297900     0.089914     6.585249  2.043804
49   1.414379     0.005351     9.240922 -2.353654
50   1.321661     0.044001     7.814479 -0.603999
51   1.243388     0.077713     2.761782 -0.603999
52   1.122911     0.131278     2.761782 -0.084318
53   1.292717     0.078031     1.851552  1.046695
54        NaN          NaN     0.917937  2.797128
55   0.906868     0.235185     8.847023  1.046695
56   1.496794     0.122685     8.847023  2.749476
57   1.421623     0.037508     0.487602  0.160172
58   1.252217     0.073925     5.043762 -0.587472
59   1.261283     0.069881     6.045641 -0.587472
60   1.303689     0.051535     6.045641 -0.356731
61   1.372357     0.022710     8.542231 -2.488095
62   1.232126     0.099407     9.211305  2.295618
63   2.482154     0.027276     4.088762  2.295618
64   1.442056    -0.005823     9.211305 -2.218427
65   1.161267     0.113982     8.339991  0.520418
66   0.829886     0.274764     5.536802  0.948782
67   0.941214     0.216919     3.506349  0.948782
68   1.091904     0.145384     3.506349  0.250216
69   1.177370     0.106686     9.867842  0.568474
70   1.637933     0.104253     6.894130  2.523898
71   1.020410     0.179099     5.079364  0.568474
72   1.141106     0.123044     5.079364  0.223715
73   1.007834     0.184886     2.497767  0.297105
74   1.621970     0.039840     8.355774  2.397632
75   1.154862     0.116815     6.496926  0.297105
76   1.224514     0.085899     6.496926 -0.146944
77   1.376156     0.021076     6.131343 -2.632459
78   1.044104     0.167462     2.130844  0.512876
79   1.277566     0.062878     1.472534  0.512876
80   1.270363     0.065984     1.472534  0.545644
81   1.138865     0.124239     1.102028 -1.286182
82   1.313679     0.047413     2.932433 -2.164613
83   1.295289     0.058062     0.236382 -2.164613
84   1.793448    -0.011074     0.236382 -0.207913
85   2.164027    -0.064023     0.263421  0.051325
86   2.536420     0.085386     4.012043  2.478137
87   1.684988     0.056539     6.352069  2.478137
88   1.307600     0.049995     6.352069 -0.603264
89   1.284654     0.059711     3.611196 -1.305230
90   1.330246     0.069264     5.250769  1.819094
91        NaN          NaN     0.154832  1.819094
92   1.313258     0.047517     5.250769 -0.867043
93   1.347835     0.032998     6.643690 -1.860337
94   1.227380     0.084624     5.857167  0.051646
95   1.186601     0.102769     7.018532  0.051646
96   1.109625     0.137597     7.018532  0.304925
97   1.310716     0.048657     7.484935 -0.542208
98   1.342021     0.035451     7.410372 -1.362179
99   1.321993     0.043784     4.499470 -1.362179
100  1.263091     0.069197     4.499470 -0.845808
101  1.259487     0.070919     8.254185 -2.214331
102  1.281852     0.061138     4.060083 -1.699165
103  1.403849     0.009470     8.127644 -1.699165
104  0.985986     0.196154     8.127644  2.123557
105  1.242313     0.078147     2.710262 -1.804071
106  1.393805     0.013840     6.299173 -0.915160
107  1.303064     0.052058     6.823172 -0.915160
108  1.019648     0.179541     6.823172  0.732870
109  1.107288     0.138432     1.461054 -0.351271
110  2.701509     0.049271     4.079199  2.606082
111  1.234915     0.081378     5.041426 -0.351271
112  1.362847     0.026860     5.041426 -2.170127
113  0.862924     0.257497     6.640528  0.987116
114       NaN          NaN     0.898946  2.771715
115  0.876902     0.250092     6.193876  0.987116
116  1.207581     0.098315     6.193876  1.810414
117  1.201756     0.096212     0.541274 -2.324899
118  1.243422     0.113637     9.896663  2.589903
119  0.961966     0.207367     7.597881  0.987116
120  1.402973     0.010036     7.597881 -1.862908
121  1.327095     0.041836     8.526469 -1.729392
122  1.292482     0.056820     1.355745  0.469153
123  1.499243    -0.021282     1.684537  0.987116
124  1.170651     0.109584     7.597881  0.457932
125  1.083071     0.149770     3.724231  0.032664
126  1.284550     0.059848     2.335108 -1.482649
127  1.040420     0.169488     1.715537  0.032664
128  1.365892     0.025750     1.715537 -2.544519
129  0.829531     0.273677     6.974180  1.697734
130  1.583320    -0.020280     0.273953 -0.782784
131  0.732129     0.326769     7.953944  1.697734
132  1.374981     0.021668     7.953944 -2.608047
133  1.114088     0.137903     6.911857  1.910909
134  1.343557     0.034897     8.089459 -2.707767
135  0.695714     0.348023     9.007614  1.697734
136  1.400440     0.011202     9.007614 -2.570543
137  1.229798     0.082962     2.243599  0.972904
138  0.765420     0.308324     8.488368  1.787389
139  1.950608     0.039508     2.308457  1.787389
140  1.297820     0.054252     8.488368 -2.809006
141  0.854947     0.261597     8.819986  1.192632
142  1.223632     0.086266     9.747451  0.323775
143  0.796081     0.292453     6.277048  1.192632
144  0.906308     0.235045     6.277048  0.957334
145       NaN          NaN     0.606095  2.610145
146  1.394913     0.013308     9.657457 -2.056470
147  0.941419     0.217881     8.401244  0.957334
148  0.740057     0.323412     8.401244  1.383236
149  0.946591     0.214501     3.222691  0.687312
150  1.268349     0.066801     8.913899 -0.075882
151       NaN          NaN     0.457517  1.383236
152  1.372906     0.022516     8.401244 -2.316838
153  1.040462     0.169757     5.582725  0.454222
154  1.426113     0.000722     8.165182 -1.604777
155  0.737193     0.325115     8.864160  1.383236
156  1.431450     0.113870     8.864160  2.736222
157  1.886666    -0.003598     0.676720  0.692271
158  1.173135     0.108663     8.013986  0.306932
159  1.033261     0.172924     4.448452  1.383236
160  1.344663     0.034194     8.864160 -0.462687
161  0.799936     0.290211     4.678261  1.053391
162  1.766766     0.146002     8.708946  2.911987
163  0.908636     0.234219     8.729253  1.053391
164  1.392189     0.014595     4.678261 -2.456872
165  1.326451     0.041980     7.741821 -1.329172
166       NaN          NaN     0.306886  1.237588
167  0.870135     0.253642     7.236427  1.053391
168  1.361305     0.027325     7.236427 -2.083084
169  1.193331     0.099609     7.974380  0.378134
170  1.408747     0.007510     7.998351 -0.744026
171  0.970286     0.203322     9.407190  1.053391
172  1.333491     0.085837     7.236427  2.284746
173  1.090881     0.145901     5.949227  0.537662
174  1.335647     0.037961     9.123562 -0.058229
175  0.838501     0.270148     6.734468  1.053391
176  1.239238     0.079301     6.734468  0.190663
177  1.320662     0.044486     9.657194 -1.593574
178  1.768142     0.087331     6.650512  2.839712
179  0.822328     0.278157     4.453852  1.053391
180  1.368470     0.024265     4.453852 -1.671213
181  0.757965     0.313387     7.248282  1.279727
182  1.275139     0.063817     4.872898 -0.425073
183  0.817138     0.280622     5.139135  1.279727
184  1.302174     0.052429     7.248282 -0.849114
185  1.108110     0.137665     3.185290  1.155467
186  0.829334     0.273696     8.842596  1.985907
187  2.137205     0.045796     3.182773  1.985907
188  1.344018     0.034648     8.842596 -1.174098
189       NaN          NaN     0.698615  2.173463
190  1.306281     0.051963     0.313004 -1.845042
191  2.058454     0.044930     2.612772  1.985907
192  1.303070     0.051898     8.842596  0.121921
193       NaN          NaN     0.348378  0.779211
194  1.315999     0.046539     5.031646 -1.503412
195  1.294711     0.086328     6.268568  1.985907
196  0.980408     0.198234     8.842596  1.066871
197  1.436335    -0.003653     7.267786 -2.769331
198  1.007075     0.185441     8.533277  0.957312
199  0.792654     0.293246     9.413757  1.985907
200  1.491080    -0.025772     9.413757 -2.418791
201  1.424717     0.066462     6.679954  2.949078
202  1.387117     0.016555     5.701470 -1.319535
203  3.284265     0.071184     1.895354  1.985907
204  0.817170     0.281470     9.413757  1.317104
205  1.293640     0.055962     2.004772 -2.111218
206  1.466415    -0.017466     2.151495  2.117956
207  0.781252     0.300721     8.363085  1.317104
208  2.139664     0.073034     8.363085  2.927550
209  3.624197     0.042087     1.685909  1.969400
210  1.014997     0.181475     4.549933  0.633116
211  0.781979     0.300463     8.856180  1.317104
212  1.257880     0.071134     8.856180  0.293761
213  1.391730     0.062698     7.246293  2.186171
214  2.011680     0.033453     4.889570  2.460352
215  1.543158     0.047831     2.479094  1.317104
216  1.534190     0.099851     8.856180  2.777333
217  1.164473     0.112537     2.214650 -0.437226
218  1.360705     0.027513     8.611752 -1.062893
219       NaN          NaN     0.895653  1.317104
220  1.279573     0.062020     8.856180 -0.334106
221  1.002353     0.187792     1.958931  0.057519
222  2.357964     0.036190     5.416365  2.678579
223  1.280369     0.074094     3.459971  1.317104
224  1.100910     0.145412     8.856180  2.254861
225  1.182569     0.104361     2.393076 -0.394390
226  1.221069     0.087593     8.363596  0.096025
227  1.306084     0.058670     3.589421  1.317104
228  1.338658     0.036833     8.856180 -0.641728
229  2.344158     0.039079     5.188977  2.438679
230  1.329184     0.040951     2.683378 -2.888840
231       NaN          NaN     1.290706  1.317104
232  1.490063     0.092338     8.856180  2.587749
233  1.431001    -0.001435     7.928685 -1.906504
234  1.649855     0.026154     4.149569  2.003929
235  3.481078     0.020419     1.447473  1.317104
236  1.287618     0.058318     8.856180  0.349127
237  0.734782     0.326339     8.418715  1.421981
238  1.174194     0.108470     1.211841 -1.611929
239  0.761974     0.310720     6.929425  1.421981
240  0.904385     0.235334     6.929425  1.783055
241       NaN          NaN     0.821149  1.542617
242  1.390605     0.015220     8.748929 -2.106371
243  0.758527     0.313181     9.701577  1.421981
244  1.319774     0.044764     9.701577 -0.003990
245  1.030222     0.174405     1.621394  0.090011
246  1.343348     0.034912     3.023018 -2.299470
247  0.792265     0.294527     9.173081  1.421981
248  1.372382     0.022801     9.701577 -2.012427
249  1.272548     0.065269     1.853410 -2.079583
250  0.920385     0.227479     9.198868  2.152616
251  0.759891     0.312247     8.486481  1.421981
252  1.263142     0.068952     8.486481  0.122905
253  1.133102     0.126738     1.373115  0.338598
254  1.297136     0.060392     0.312048 -1.397632
255  0.745019     0.320232     7.347128  1.421981
256  1.416164     0.004491     7.347128 -0.467616
257  1.481010    -0.001041     0.272318  0.206403
258  1.178865     0.106313     0.854319 -1.865739
259  1.420326     0.041243     3.305989  1.421981
260  1.392472     0.014348     7.347128 -2.064469
261  1.140922     0.123219     9.813223  0.572082
262  0.795818     0.292678     5.173600  1.052909
263  3.365244    -0.025491     1.398506  1.421981
264  0.897893     0.239387     7.347128  1.054519
265  1.398492     0.011927     9.102889 -1.820592
266  1.458407     0.101377     6.339407  2.297735
267  1.246492     0.084312     4.281918  1.421981
268  1.244341     0.077139     7.347128  0.173615
269  1.417569     0.003948     9.867101 -1.253627
270  1.102238     0.146034     8.925527  2.295777
271  0.747321     0.319387     9.039362  1.421981
272  1.392393     0.014315     9.039362 -2.101864
273  1.344721     0.034101     3.720110 -1.091311
274  1.371936     0.022951     6.516538 -1.924486
275  0.970348     0.202639     4.861501  1.421981
276  1.693193     0.086587     9.039362  2.983733
277  1.332655     0.039393     3.472836 -1.929971
278  0.913004     0.231369     3.185886  0.735760
279  0.924954     0.225062     4.964134  1.421981
280  0.782361     0.300177     9.039362  1.324562
281  2.761828     0.056508     3.211488  2.726607
282  1.203163     0.095316     4.111862 -0.083482
283  0.728688     0.329755     8.571183  1.421981
284  0.741434     0.321979     8.571183  1.616956
285  1.681922     0.086836     3.353050  1.505179
286  1.732519     0.001436     1.073903  0.789097
287  0.764900     0.309115     9.086557  1.616956
288  0.869631     0.253880     9.086557  1.226700
289  1.419632     0.003162     9.368038 -1.622021
290  1.410827     0.006636     9.055054 -0.829323
291  0.723647     0.332340     9.905514  1.616956
292  1.379505     0.019676     9.905514 -2.847146
293  1.431766    -0.001730     7.172899 -1.766452
294  1.073213     0.154319     9.699999  0.764907
295  0.733375     0.326626     8.690888  1.616956
296  1.380582     0.019330     8.690888 -1.562445
297  1.738094    -0.012972     0.316251 -0.151266
298  0.846069     0.264991     7.871944  1.827021
299       NaN          NaN     0.641980  1.616956
300  1.257634     0.071415     8.690888  0.173785
301  0.946488     0.214644     2.692978  0.613713
302  1.435047    -0.003097     6.698711 -2.434970
303  0.795889     0.291686     6.724052  1.616956
304  1.394022     0.013746     8.690888 -2.131744
305  1.232790     0.082467     1.439183 -2.794980
306  1.284487     0.060089     1.107904 -2.695631
307       NaN          NaN     0.592164  1.616956
308  0.739101     0.323186     8.690888  1.682840
309  1.355249     0.029997     7.731919 -1.066100
310  1.359401     0.028193     8.868654 -2.256818
311  1.374900     0.050760     5.454874  1.682840
312  1.377720     0.020477     8.690888 -2.108583
313  0.747825     0.318987     9.779510  1.494219
314       NaN          NaN     1.259814  2.447158
315  0.790070     0.295077     6.586504  1.494219
316  1.358189     0.028658     9.779510 -0.100441
317  0.942788     0.216303     3.216680  0.797334
318  1.293516     0.055954     5.925358 -1.001433
319  0.744531     0.320468     7.628773  1.494219
320  1.447355     0.126772     7.628773  2.330253
321  1.367457     0.024814     4.013587 -2.119181
322  0.978405     0.199607     7.955798  0.887661
323  1.438185     0.051124     3.673961  1.494219
324  1.498350    -0.028795     7.628773 -2.759161
325  1.146799     0.124172     3.844357  1.364493
326  1.281379     0.061596     0.732998 -2.715730
327       NaN          NaN     0.941035  1.494219
328  1.343757     0.034755     7.628773 -0.888794
329  1.570156     0.094757     9.949165  2.841158
330       NaN          NaN     0.559881  2.243141
331  0.778435     0.301220     6.161636  1.494219
332  1.394925     0.013474     7.628773 -1.522878
333  1.572779     0.074821     4.290650  1.790646
334  1.392264     0.014646     3.111931 -2.335889
335  0.850270     0.262945     5.967853  1.494219
336  1.278164     0.062839     7.628773 -1.001660
337  1.257918     0.071495     5.455809 -1.357614
338  1.453518    -0.012134     1.590732  1.637192
339  0.735469     0.325959     9.387624  1.494219
340  1.324272     0.042951     9.387624 -0.755072
341  1.088428     0.147837     4.981977  1.494615
342  1.152147     0.118102     1.972478  0.640379
343  0.797549     0.291078     6.538324  1.494219
344  1.262149     0.069539     9.387624  0.007575
345  1.368162     0.024494     8.141429 -0.468054
346  1.380918     0.019194     6.057981 -2.664907
347  0.757681     0.313286     8.302724  1.494219
348  1.400717     0.010947     9.387624 -2.313449
349  1.539920     0.023296     5.219844  2.296036
350  1.420796     0.002625     8.569025 -1.434850
351  1.504505     0.041756     4.056337  1.494219
352  0.906015     0.235304     9.387624  2.322261
353  1.320013     0.044650     6.418429 -1.174187
354  1.354120     0.030377     7.159542 -0.974516
355  1.215780     0.100061     4.511380  1.494219
356  1.291159     0.057039     9.387624 -1.533008
357  1.296452     0.054925     2.151791 -2.063986
358  1.442030    -0.005911     6.638436 -2.398379
359  0.719846     0.334658     9.007119  1.494219
360  1.333271     0.039052     9.007119 -0.072049
361  1.265556     0.068178     9.582860 -0.507353
362  1.213659     0.090760     8.050094  0.302088
363       NaN          NaN     0.229910  1.494219
364  1.730112     0.078377     9.007119  2.696690
365  1.339453     0.036537     2.029486 -2.405326
366  1.372286     0.022903     9.192009 -2.020968
367  2.407582    -0.004484     1.670071  1.494219
368  1.369965     0.023776     9.007119 -1.490724
369  1.283397     0.060308     8.360295  0.130660
370  1.577096     0.039369     3.248529  2.275365
371  2.856752    -0.010319     1.242800  1.494219
372  1.332288     0.039401     9.007119 -0.094028
373  1.279711     0.062088     6.855222 -0.845896
374  1.390658     0.015163     8.762432 -1.537172
375       NaN          NaN     0.689518  1.494219
376  1.269642     0.066204     9.007119  0.275078
377  1.376100     0.021187     9.690572 -1.734299
378  1.163077     0.113213     3.119974 -0.449818
379       NaN          NaN     0.385033  1.494219
380  1.376438     0.021201     9.007119 -2.192837
381  1.576009     0.053831     9.280013  2.982563
382       NaN          NaN     0.336217  1.344381
383       NaN          NaN     0.336785  1.494219
384  1.329743     0.040573     9.007119 -0.920123
385  1.091207     0.145463     1.793412  0.307371
386  1.134843     0.125756     4.633420  0.280118
387  0.736348     0.325164     8.049586  1.494219
388  1.233364     0.081978     9.007119  0.171549
389       NaN          NaN     0.732865  1.865947
390  1.542557     0.029914     5.494228  2.011289
391       NaN          NaN     0.865528  1.494219
392  1.180691     0.120657     9.007119  2.411054
393  1.375924     0.021297     7.650675 -1.914195
394  1.340721     0.035989     7.365585 -2.311591
395  0.741097     0.322623     8.738235  1.494219
396  1.395804     0.013097     9.007119 -2.255985
397       NaN          NaN     0.755156  2.641823
398  1.331502     0.080059     6.194776  1.953678
399  1.554653    -0.010106     3.109356  1.494219
400  0.723088     0.332526     9.007119  1.576696
401  1.239423     0.079195     3.978217 -0.014669
402  1.253955     0.072920     6.319187 -0.009837
403  0.870901     0.252187     6.119726  1.576696
404  0.718364     0.335507     9.007119  1.471482
405  0.949755     0.213368     4.503996  0.646804
406  1.304745     0.051090     9.808033  0.002091
407       NaN          NaN     1.214302  1.471482
408  1.333245     0.039231     9.007119 -1.004909
409  1.294585     0.055733     2.394946 -1.474708
410  1.276809     0.074507     6.672827  2.002168
411  1.579750     0.037874     3.411101  1.471482
412  1.413127     0.005784     9.007119 -1.522642
413  2.298943     0.072445     4.996607  2.249173
414  1.611793     0.140789     6.096827  2.364672
415  1.330422     0.062230     4.135546  1.471482
416  0.884254     0.246391     9.007119  1.190143
417  0.895007     0.240007     8.846236  2.021667
418  1.229890     0.083847     0.721370 -2.009284
419  0.737571     0.324744     9.194443  1.471482
420  1.422115     0.002204     9.007119 -0.844157
421  1.332607     0.039368     7.012127 -0.845299
422  1.337534     0.107277     5.751903  1.986383
423  1.476618    -0.021676     1.469767  1.471482
424  1.202138     0.095558     9.007119  0.509456
425  1.384027     0.017962     9.616216 -2.487337
426  1.461568    -0.015466     1.996996  1.920567
427  1.214107     0.096714     3.676092  1.471482
428  1.136574     0.125249     9.007119  0.545931
429  2.554558     0.061357     2.056030  1.411761
430       NaN          NaN     1.038465  1.355853
431  2.590159     0.092542     2.243900  1.471482
432  1.294081     0.055912     9.007119 -1.145409
433  1.393211     0.014105     5.272610 -2.250057
434  1.250695     0.078406     3.829888  1.336771
435       NaN          NaN     0.374475  1.471482
436  0.750533     0.317307     9.007119  1.518890
437  1.303471     0.051653     9.933279  0.097073
438  1.347014     0.033357     7.413750 -1.426985
439  0.893410     0.240731     5.748716  1.471482
440  1.190494     0.100913     9.007119  0.299868
441       NaN          NaN     0.694383  0.939021
442  1.792502     0.133992     4.832240  2.551713
443  0.754358     0.314771     6.894138  1.471482
444  1.355312     0.029710     9.007119 -0.176897
445  1.333214     0.039148     7.887166 -2.362832
446  1.331436     0.040131     7.307407 -2.782956
447  0.873794     0.250723     5.574572  1.471482
448  1.244042     0.077163     9.007119  0.461250
449  1.307666     0.049991     5.183493 -1.164556
450  1.237290     0.080482     8.460208 -0.276377
451  2.839758     0.075225     1.891723  1.471482
452  1.046983     0.168113     9.007119  2.231371
453  3.841463    -0.001194     1.427053  2.046604
454  1.354508     0.030180     8.563590 -1.520463
455  1.012429     0.182673     4.897411  1.471482
456  0.764719     0.309760     9.007119  1.359065
457  1.291310     0.056952     1.941509 -1.317280
458  1.222111     0.087360     0.822495 -2.418775
459  1.582253     0.054766     2.369982  1.471482
460  1.328381     0.041166     9.007119 -0.313247
461  1.385122     0.017419     9.485043 -1.974565
462  1.217907     0.116800     9.521854  2.406055
463  0.726930     0.330420     7.619199  1.471482
464  1.409483     0.007586     9.007119 -2.767615
465  0.813210     0.283656     9.502434  1.301699
466  1.272912     0.064521     7.326643  0.271591
467  0.799630     0.289869     6.174274  1.471482
468  1.374876     0.021586     9.007119 -1.263329
469  1.335412     0.038288     4.801594 -2.037086
470       NaN          NaN     0.626139  1.472372
471  3.403857     0.087021     1.553773  1.471482
472  1.283240     0.060463     9.007119 -0.794545
473  0.844030     0.267485     8.208012  1.129441
474  1.032871     0.173017     2.399753  0.153119
475  1.351967     0.080551     3.750219  1.471482
476  1.305464     0.050841     9.007119 -0.509513
477  1.342298     0.035455     4.818068 -2.084094
478  1.268979     0.066658     7.888960 -0.041709
479  1.293848     0.055650     2.428922  1.471482
480  1.366050     0.025453     9.007119 -2.582222
481  1.066020     0.157377     3.422555  0.315970
482       NaN          NaN     1.056825  1.804060
483  1.364454     0.025386     1.737271  1.471482
484  0.950208     0.213298     9.007119  1.052976
485  2.674560     0.088140     2.027497  1.354167
486  1.381198     0.018984     2.558357 -2.622450
487  1.421558     0.001194     1.290176  1.471482
488  0.709877     0.340161     9.007119  1.555013
489  1.244434     0.076970     7.188178  0.391631
490  1.698719     0.175743     7.390413  2.950646
491  1.041637     0.170510     5.412234  1.555013
492  1.361373     0.027320     9.007119 -1.275244
493  1.787733     0.045841     8.009874  2.350985
494  1.189869     0.101391     2.544461 -1.076361
495  1.590143     0.017373     3.335033  1.555013
496  1.369092     0.024085     9.007119 -1.046759
497  1.363815     0.026172     4.636338 -2.262582
498  1.186388     0.102761     8.909545  0.378935
499  1.493088     0.034456     3.561224  1.555013