error: 0.24 | highest correlation: nan
best global temp: 5.6698921610409805 | best alpha: 0.978074932534466 | best average temperature: 1.13
time scale: <class 'ising.Jij_sorted_ising'> | partial correlation: False

        error  correlation  global temp     alpha
0    0.580544     0.604953     4.228518  1.321947
1    1.181935     0.330621     3.288842  2.762276
2    2.095923    -0.012800     3.521288 -2.105277
3    1.682789    -0.015765     0.350892 -2.105277
4    1.526604    -0.007702     0.350892 -1.607976
5    0.601743     0.597573     4.228518  1.321947
6    0.583533     0.603723     4.228518  1.321947
7    0.577566     0.604124     4.228518  1.321947
8    1.345929     0.443286    10.000000  3.000000
9    1.316438     0.449220    10.000000  3.000000
10   1.341967     0.447961    10.000000  3.000000
11   1.051051     0.499122     7.183534  2.181115
12   1.022115     0.510747     7.183534  2.181115
13   1.033370     0.509528     7.183534  2.181115
14   0.677094     0.583804     4.776459  1.481260
15   0.692219     0.578374     4.776459  1.481260
16   0.680894     0.580224     4.776459  1.481260
17   0.635906     0.586541     4.473709  1.393236
18   0.615593     0.599285     4.473709  1.393236
19   0.625155     0.592453     4.473709  1.393236
20   0.606761     0.597261     4.281829  1.337447
21   0.591229     0.606013     4.281829  1.337447
22   0.599717     0.597673     4.281829  1.337447
23   0.603472     0.594598     4.241291  1.325661
24   0.605124     0.594683     4.241291  1.325661
25   0.582174     0.601569     4.241291  1.325661
26   0.577812     0.608705     4.232411  1.323079
27   0.587257     0.604523     4.232411  1.323079
28   0.585458     0.600522     4.232411  1.323079
29   0.600470     0.594691     4.230135  1.322417
30   0.584585     0.607249     4.230135  1.322417
31   0.597837     0.599425     4.230135  1.322417
32   0.592499     0.604406     4.228911  1.322061
33   0.586347     0.602943     4.228911  1.322061
34   0.586567     0.604358     4.228911  1.322061
35   0.593508     0.601089     4.228630  1.321980
36   0.581076     0.605130     4.228630  1.321980
37   0.581359     0.605199     4.228630  1.321980
38   0.585581     0.604665     4.228545  1.321955
39   0.597338     0.597921     4.228545  1.321955
40   0.592191     0.607104     4.228545  1.321955
41   0.576865     0.607225     4.228530  1.321950
42   0.593333     0.602786     4.228530  1.321950
43   0.581921     0.606729     4.228530  1.321950
44   0.597044     0.599158     4.228523  1.321949
45   0.595524     0.599820     4.228523  1.321949
46   0.597095     0.599064     4.228523  1.321949
47   0.585945     0.604137     4.228520  1.321947
48   0.610941     0.590375     4.228520  1.321947
49   0.587098     0.606531     4.228520  1.321947
50   0.600419     0.598707     4.228519  1.321947
51   0.610351     0.595161     4.228519  1.321947
52   0.606054     0.593605     4.228519  1.321947
53   0.606151     0.598684     4.228519  1.321947
54   0.584423     0.598627     4.228519  1.321947
55   0.591575     0.596469     4.228519  1.321947
56   0.588702     0.601750     4.228519  1.321947
57   0.591397     0.599676     4.228520  1.321947
58   0.582540     0.599977     4.228519  1.321947
59   0.582894     0.601732     4.228519  1.321948
60   0.590579     0.604175     4.228519  1.321948
61   0.578574     0.601116     4.228519  1.321948
62   0.580734     0.601447     4.228518  1.321949
63   0.593776     0.600801     4.228518  1.321949
64   0.616786     0.596923     4.228518  1.321949
65   0.594312     0.598599     4.228519  1.321948
66   0.594778     0.599378     4.228519  1.321948
67   0.585220     0.601198     4.228519  1.321948
68   0.588764     0.600431     4.228518  1.321949
69   0.606124     0.596905     4.228518  1.321949
70   0.572445     0.610675     4.228518  1.321949
71   0.590781     0.603064     4.228518  1.321949
72   0.594737     0.601328     4.228518  1.321949
73   0.597530     0.599215     4.228518  1.321949
74   0.595539     0.599895     4.228518  1.321949
75   0.568833     0.607320     4.228518  1.321949
76   0.580467     0.609573     4.228518  1.321949
77   0.583180     0.605346     4.228518  1.321949
78   0.586036     0.601237     4.228518  1.321949
79   0.591979     0.599107     4.228518  1.321949
80   0.588658     0.601401     4.228518  1.321948
81   0.608158     0.594635     4.228518  1.321948
82   0.590344     0.602892     4.228518  1.321948
83   0.601231     0.596133     4.228518  1.321949
84   0.599121     0.595544     4.228518  1.321949
85   0.593608     0.600471     4.228518  1.321949
86   0.592801     0.601860     4.228518  1.321949
87   0.604222     0.594483     4.228518  1.321949
88   0.593010     0.599019     4.228518  1.321949
89   0.580609     0.605459     4.228518  1.321949
90   0.593133     0.604914     4.228518  1.321949
91   0.586515     0.601401     4.228518  1.321949
92   0.593568     0.600195     4.228517  1.321947
93   0.596825     0.602569     4.228517  1.321947
94   0.589979     0.603290     4.228517  1.321947
95   0.583936     0.601548     4.228518  1.321948
96   0.602778     0.597229     4.228518  1.321948
97   0.592526     0.600644     4.228518  1.321948
98   0.599321     0.597438     4.228518  1.321949
99   0.594258     0.598345     4.228518  1.321949
100  0.604556     0.593296     4.228518  1.321949
101  0.590981     0.598452     4.228518  1.321949
102  0.601024     0.596959     4.228518  1.321949
103  0.591980     0.604316     4.228518  1.321949
104  0.582836     0.612588     4.228518  1.321949
105  0.588378     0.605592     4.228518  1.321949
106  0.601864     0.597615     4.228518  1.321949
107  0.581924     0.606431     4.228518  1.321949
108  0.585331     0.602240     4.228518  1.321949
109  0.595150     0.601694     4.228518  1.321949
110  0.585465     0.602872     4.228518  1.321949
111  0.577282     0.602672     4.228518  1.321949
112  0.590599     0.601472     4.228518  1.321949
113  0.606156     0.599613     4.228518  1.321949
114  0.579443     0.608435     4.228518  1.321949
115  0.587976     0.602274     4.228518  1.321949
116  0.592632     0.602509     4.228518  1.321949
117  0.586144     0.598189     4.228518  1.321949
118  0.603695     0.595371     4.228518  1.321949
119  0.915744     0.521720     7.256395  2.126444
120  3.056572     0.142859     0.865705  1.289076
121  0.309827     0.644487     5.928482  1.289076
122  1.992899     0.371436     5.928482  2.739874
123  0.316390     0.640655     5.928482  1.289076
124  0.305019     0.647822     5.928482  1.289076
125  0.306046     0.646670     5.928482  1.289076
126  1.361981     0.447960    10.000000  3.000000
127  1.310868     0.452218    10.000000  3.000000
128  1.345907     0.446035    10.000000  3.000000
129  0.965204     0.509701     8.206299  2.246255
130  0.968029     0.508206     8.206299  2.246255
131  0.929270     0.518709     8.206299  2.246255
132  0.417791     0.624146     6.454885  1.510279
133  0.418862     0.623559     6.454885  1.510279
134  0.413193     0.624945     6.454885  1.510279
135  0.338875     0.639214     6.099208  1.360818
136  0.332828     0.640108     6.099208  1.360818
137  0.337390     0.639954     6.099208  1.360818
138  0.314001     0.644258     5.974735  1.308512
139  0.316026     0.643125     5.974735  1.308512
140  0.318634     0.641516     5.974735  1.308512
141  0.307806     0.645665     5.945924  1.296405
142  0.312423     0.642984     5.945924  1.296405
143  0.313248     0.643129     5.945924  1.296405
144  0.303334     0.648234     5.935653  1.292089
145  0.305312     0.646036     5.935653  1.292089
146  0.306844     0.645170     5.935653  1.292089
147  0.308170     0.645115     5.931144  1.290194
148  0.307760     0.646219     5.931144  1.290194
149  0.297117     0.651796     5.931144  1.290194
150  0.304624     0.647461     5.929238  1.289393
151  0.310332     0.643563     5.929238  1.289393
152  0.302752     0.648461     5.929238  1.289393
153  0.305459     0.645256     5.928776  1.289199
154  0.307220     0.644820     5.928776  1.289199
155  0.310412     0.643575     5.928776  1.289199
156  0.304944     0.646894     5.928592  1.289122
157  0.307924     0.645947     5.928592  1.289122
158  0.303727     0.647113     5.928592  1.289122
159  0.310617     0.644013     5.928522  1.289092
160  0.310939     0.642176     5.928522  1.289092
161  0.308581     0.644004     5.928522  1.289092
162  0.309706     0.644864     5.928495  1.289081
163  0.311972     0.642284     5.928495  1.289081
164  0.305439     0.646011     5.928495  1.289081
165  0.302603     0.648732     5.928487  1.289078
166  0.310171     0.643598     5.928487  1.289078
167  0.305755     0.645938     5.928487  1.289078
168  0.302377     0.648485     5.928485  1.289077
169  0.305029     0.645652     5.928485  1.289077
170  0.306405     0.645559     5.928485  1.289077
171  0.310687     0.642879     5.928486  1.289077
172  0.302372     0.648211     5.928486  1.289077
173  0.308367     0.645325     5.928486  1.289077
174  0.304701     0.646353     5.928486  1.289078
175  0.312862     0.641522     5.928486  1.289078
176  0.307138     0.645274     5.928486  1.289078
177  0.308785     0.643307     5.928487  1.289078
178  0.299686     0.649745     5.928487  1.289078
179  0.311185     0.643988     5.928487  1.289078
180  0.300136     0.649445     5.928487  1.289078
181  0.305376     0.646807     5.928487  1.289078
182  0.302531     0.647896     5.928487  1.289078
183  0.312536     0.642670     5.928487  1.289078
184  0.312608     0.642865     5.928487  1.289078
185  0.309407     0.644680     5.928487  1.289078
186  0.306326     0.646483     5.928487  1.289078
187  0.309560     0.643501     5.928487  1.289078
188  0.306084     0.646417     5.928487  1.289078
189  0.303423     0.646868     5.928487  1.289078
190  0.301847     0.647774     5.928487  1.289078
191  0.301314     0.649207     5.928487  1.289078
192  0.311786     0.642419     5.928487  1.289078
193  0.306900     0.646290     5.928487  1.289078
194  0.306322     0.644694     5.928487  1.289078
195  0.308905     0.644224     5.928487  1.289078
196  0.307558     0.645030     5.928487  1.289078
197  0.311156     0.643437     5.928487  1.289078
198  0.301882     0.648896     5.928487  1.289078
199  0.312064     0.642932     5.928487  1.289078
200  0.304892     0.646619     5.928487  1.289078
201  1.340192     0.470697     6.001261  2.336387
202  2.061251    -0.026185     9.851460 -1.613413
203  1.942952    -0.005459     7.350014 -1.613413
204  0.288370     0.615384     7.350014  0.921632
205  0.293081     0.611565     7.350014  0.921632
206  0.297595     0.607572     7.350014  0.921632
207  0.293016     0.611541     7.350014  0.921632
208  2.912276     0.256408     0.100000  3.000000
209  2.912276     0.256408     0.100000  3.000000
210  2.912276     0.256408     0.100000  3.000000
211  0.848729     0.548692     4.933346  1.614420
212  0.852641     0.553462     4.933346  1.614420
213  0.829248     0.557152     4.933346  1.614420
214  0.274348     0.624402     6.996245  1.023047
215  0.266168     0.631380     6.996245  1.023047
216  0.263358     0.633812     6.996245  1.023047
217  0.272143     0.627356     7.171006  0.972948
218  0.270865     0.628494     7.171006  0.972948
219  0.283096     0.617967     7.171006  0.972948
220  0.281403     0.620246     7.261173  0.947100
221  0.291997     0.611401     7.261173  0.947100
222  0.275800     0.624980     7.261173  0.947100
223  0.292200     0.611825     7.338920  0.924812
224  0.298320     0.606891     7.338920  0.924812
225  0.294091     0.610381     7.338920  0.924812
226  0.295971     0.609124     7.347869  0.922247
227  0.294122     0.610644     7.347869  0.922247
228  0.302240     0.603688     7.347869  0.922247
229  0.294015     0.610603     7.348999  0.921923
230  0.283903     0.619238     7.348999  0.921923
231  0.295283     0.609519     7.348999  0.921923
232  0.301703     0.604234     7.349461  0.921790
233  0.289328     0.614588     7.349461  0.921790
234  0.287599     0.616054     7.349461  0.921790
235  0.300426     0.605348     7.349718  0.921716
236  0.297459     0.607685     7.349718  0.921716
237  0.300013     0.605704     7.349718  0.921716
238  0.290371     0.613900     7.349882  0.921669
239  0.298670     0.606726     7.349882  0.921669
240  0.299495     0.606005     7.349882  0.921669
241  0.284468     0.618713     7.349989  0.921639
242  0.295353     0.609554     7.349989  0.921639
243  0.297763     0.607549     7.349989  0.921639
244  0.289915     0.614301     7.350009  0.921633
245  0.287470     0.616341     7.350009  0.921633
246  0.292404     0.612131     7.350009  0.921633
247  0.284706     0.618504     7.350011  0.921632
248  0.290690     0.613316     7.350011  0.921632
249  0.287039     0.616448     7.350011  0.921632
250  0.294061     0.610666     7.350010  0.921631
251  0.287753     0.615650     7.350010  0.921631
252  0.292896     0.611481     7.350010  0.921631
253  0.290241     0.613460     7.350011  0.921631
254  0.285240     0.618079     7.350011  0.921631
255  0.295035     0.609934     7.350011  0.921631
256  0.290836     0.613312     7.350011  0.921632
257  0.288314     0.615377     7.350011  0.921632
258  0.291608     0.612758     7.350011  0.921632
259  0.298156     0.607129     7.350011  0.921632
260  0.290690     0.613483     7.350011  0.921632
261  0.285107     0.618162     7.350011  0.921632
262  0.280659     0.621825     7.350011  0.921632
263  0.293948     0.610633     7.350011  0.921632
264  0.300303     0.605545     7.350011  0.921632
265  0.297567     0.607659     7.350011  0.921632
266  0.299425     0.606286     7.350011  0.921632
267  0.295240     0.609623     7.350011  0.921632
268  0.285787     0.617580     7.350011  0.921632
269  0.289557     0.614413     7.350011  0.921632
270  0.281051     0.621688     7.350011  0.921632
271  0.289464     0.614441     7.350011  0.921632
272  0.292040     0.612507     7.350011  0.921632
273  0.279410     0.623066     7.350011  0.921632
274  1.853462    -0.007095     1.026516 -2.247476
275  0.582513     0.416640     6.897224  0.404530
276  0.418956     0.523724     3.804184  0.404530
277  1.720711    -0.071980     3.804184 -0.928241
278  1.695228    -0.047220     6.412204 -0.927991
279  1.954262     0.407808     4.277671  2.117157
280  0.797846     0.542346     8.349877  2.117157
281  1.993499     0.062864     8.349877 -2.328195
282  0.603288     0.403782     3.885838  0.222931
283  0.846600     0.532218     8.283796  2.153696
284  0.891407     0.523044     8.054683  2.153696
285  1.572342     0.425115     8.054683  2.964123
286  0.863573     0.535068     6.832061  1.964096
287  1.609280    -0.056729     2.904735 -0.692875
288  1.633410    -0.059753     4.177862 -0.692875
289  2.385807    -0.000264     4.177862 -2.910616
290  0.891118     0.296253     1.819107  1.164804
291  1.718273    -0.051581     5.055288 -0.920494
292  1.200168     0.102699     0.581407 -0.920494
293  1.455360     0.007438     0.581407 -1.294828
294  0.765699     0.395179     4.341785  2.376305
295  1.579640    -0.034810     8.710547 -0.593128
296  1.578549    -0.040023     5.352343 -0.593128
297  0.583776     0.416251     5.352343  0.310051
298  0.246738     0.648694     5.669868  0.978097
299  3.677977     0.024032     1.085441  1.458176
300  1.585422     0.521432     3.161349  1.458176
301  1.750324    -0.050640     3.161349 -1.351650
302  0.247579     0.647573     5.669868  0.978097
303  0.245022     0.650114     5.669868  0.978097
304  0.247836     0.647371     5.669868  0.978097
305  2.586295     0.000560    10.000000 -3.000000
306  2.607270    -0.000251    10.000000 -3.000000
307  2.483942     0.015945    10.000000 -3.000000
308  1.836935    -0.004015     8.181849 -1.329662
309  1.887766    -0.033166     8.181849 -1.329662
310  1.901836    -0.036164     8.181849 -1.329662
311  0.302677     0.609187     5.952189  0.718729
312  0.304353     0.607839     5.952189  0.718729
313  0.311097     0.602232     5.952189  0.718729
314  0.249872     0.645814     5.710344  0.940912
315  0.248318     0.647056     5.710344  0.940912
316  0.249895     0.645794     5.710344  0.940912
317  0.245885     0.649106     5.680154  0.968648
318  0.245034     0.649902     5.680154  0.968648
319  0.246566     0.648516     5.680154  0.968648
320  0.243710     0.651101     5.672520  0.975661
321  0.247362     0.647625     5.672520  0.975661
322  0.250161     0.645363     5.672520  0.975661
323  0.239545     0.654601     5.670472  0.977543
324  0.248652     0.646791     5.670472  0.977543
325  0.247689     0.647554     5.670472  0.977543
326  0.245907     0.649016     5.670131  0.977855
327  0.249088     0.646138     5.670131  0.977855
328  0.241851     0.653201     5.670131  0.977855
329  0.243107     0.651704     5.670012  0.977965
330  0.243533     0.651198     5.670012  0.977965
331  0.243025     0.651797     5.670012  0.977965
332  0.240697     0.653771     5.669921  0.978049
333  0.243078     0.651768     5.669921  0.978049
334  0.241114     0.653602     5.669921  0.978049
335  0.240816     0.653696     5.669892  0.978075
336  0.247946     0.647338     5.669892  0.978075
337  0.247945     0.647551     5.669892  0.978075
338  0.247062     0.648115     5.669901  0.978061
339  0.244694     0.650403     5.669901  0.978061
340  0.241291     0.653225     5.669901  0.978061
341  0.245207     0.649839     5.669897  0.978067
342  0.242356     0.652452     5.669897  0.978067
343  0.243908     0.650805     5.669897  0.978067
344  0.247610     0.647944     5.669894  0.978073
345  0.245640     0.649571     5.669894  0.978073
346  0.242595     0.651921     5.669894  0.978073
347  0.244474     0.650270     5.669893  0.978074
348  0.242466     0.652103     5.669893  0.978074
349  0.244536     0.650340     5.669893  0.978074
350  0.241412     0.653104     5.669892  0.978075
351  0.248956     0.646528     5.669892  0.978075
352  0.242311     0.652353     5.669892  0.978075
353  0.243293     0.651102     5.669892  0.978075
354  0.245881     0.648954     5.669892  0.978075
355  0.246042     0.648968     5.669892  0.978075
356  0.245487     0.649675     5.669892  0.978075
357  0.244162     0.650932     5.669892  0.978075
358  0.249947     0.645543     5.669892  0.978075
359  0.246058     0.649072     5.669892  0.978075
360  0.245090     0.649969     5.669892  0.978075
361  0.244447     0.650237     5.669892  0.978075
362  0.245370     0.649683     5.669892  0.978075
363  0.242432     0.652328     5.669892  0.978075
364  0.250027     0.645683     5.669892  0.978075
365  0.247830     0.647464     5.669892  0.978075
366  0.246716     0.648430     5.669892  0.978075
367  0.245300     0.649590     5.669892  0.978075
368  0.244611     0.650138     5.669892  0.978075
369  0.239211     0.654858     5.669892  0.978075
370  0.246131     0.649016     5.669892  0.978075
371  0.506977     0.464008     8.754419  0.533159
372  2.168028    -0.006258     6.274052 -2.020037
373  2.254457    -0.025936     7.859791 -2.020037
374  1.083521     0.150048     7.859791  0.144131
375  1.773777    -0.031896     6.929361 -1.154665
376  1.210283     0.473561     8.447298  2.529010
377       NaN          NaN     0.569626  2.529010
378  0.549020     0.594699     8.447298  1.901074
379  1.446158    -0.000294     8.579512 -0.172338
380  1.731383    -0.057195     3.074999 -1.174093
381  1.885534    -0.042116     9.272288 -1.174093
382  2.332867    -0.034443     9.272288 -2.280958
383  1.876768    -0.024937     6.839212 -1.414034
384  2.037385    -0.039249     7.920772 -1.578674
385  2.018681    -0.044211     5.508641 -1.578674
386  1.767619    -0.065198     5.508641 -1.083519
387  1.019402     0.358456     4.267762  2.661604
388  0.970456     0.203614     6.110514  0.144799
389  1.170015     0.111129     9.754014  0.144799
390  0.801481     0.289450     9.754014  0.336827
391  1.207463     0.094686     3.618242 -0.158149
392  0.691007     0.584004     4.520615  1.427384
393  0.449674     0.619233     5.502650  1.427384
394  0.779784     0.393842     5.502650  2.774341
395  2.209702     0.007344     8.858506 -2.188136
396  1.296309     0.077679     0.302840 -1.225470
397  1.815619    -0.046418     5.004452 -1.225470
398  2.046648    -0.007599     5.004452 -2.210217
399  0.949877     0.518691     7.535191  2.165936
400  0.348027     0.637116     7.212482  1.499193
401  1.729565     0.341764     0.451458  1.499193
402  1.399657     0.015681     7.212482 -0.123977
403  1.582999    -0.039028     9.542195 -0.488550
404  1.628443    -0.051355     2.993083 -0.902714
405  0.290838     0.640023     9.091688  1.499193
406  2.408760     0.047547     9.091688 -2.993991
407  1.110501     0.487426     7.777183  2.333678
408  0.861624     0.255920     1.391612 -0.205797
409  0.837753     0.272852     0.477386 -0.205797
410       NaN          NaN     0.477386  2.681912
411  1.485146    -0.017703     4.013757 -0.370465
412  2.064574    -0.021471     6.222337 -1.730299
413  0.852149     0.263460     0.449119 -0.205797
414       NaN          NaN     0.449119  1.416847
415  0.608641     0.400388     6.884452  0.375311
416  1.608642    -0.027030     9.971011 -0.716941
417  0.502128     0.468415     5.153361  0.375311
418  0.897585     0.385300     5.153361  2.995319
419  1.651389     0.432103     6.454496  2.444796
420  1.711490     0.433445     6.284098  2.436385
421  1.981895     0.380260     6.419546  2.995319
422  2.447147     0.007844     5.153361 -2.935933
423  1.567742     0.327511     2.044462  2.315808
424  1.600334    -0.052513     6.801314 -0.508903
425  1.021223     0.373551     4.573322  2.995319
426  1.766220     0.430285     5.153361  2.191916
427  1.654049    -0.048695     7.099861 -0.730070
428  2.448185    -0.046580     4.918986 -2.614651
429  1.331500     0.451042     9.984570  2.995319
430  0.309350     0.646202     5.153361  1.205486
431  2.340626     0.010781     9.488631 -2.318815
432  0.271323     0.627081     7.612581  1.069917
433  1.705734     0.529000     2.194193  1.069917
434  0.296909     0.608096     7.612581  0.938145
435  1.349081     0.331906     3.181780  2.613787
436       NaN          NaN     0.173128  2.055116
437  0.334937     0.579467     9.909157  0.938145
438  0.988496     0.194736     9.909157  0.263975
439  1.910304    -0.007698     8.809673 -1.468063
440  1.702831    -0.027204     8.032728 -1.041355
441  0.335760     0.578224     9.533036  0.938145
442  0.287663     0.616811     9.533036  1.288943
443  1.313138     0.050229     8.000695  0.003741
444  1.989441    -0.027503     7.433904 -1.566216
445  0.289557     0.646212     6.363158  1.288943
446  1.563206     0.451101     6.363158  2.400664
447  0.356721     0.567990     3.935107  0.507113
448  2.332986    -0.011252     4.263682 -2.708808
449  0.461132     0.496148     7.232111  0.507113
450  1.655721    -0.063342     7.232111 -0.545543
451  0.990903     0.347039     2.851110  2.059274
452  0.747817     0.551381     9.278187  2.178455
453  0.411415     0.530875     5.812174  0.507113
454  2.448458    -0.029104     5.812174 -2.514417
455  1.966551    -0.027151     7.724180 -1.653762
456  1.187981     0.106917     0.172877 -0.948866
457  0.575142     0.420102     9.179990  0.507113
458  1.352727     0.451226     9.179990  2.880846
459  1.329194     0.042989     2.505445 -0.359014
460  1.020366     0.374006     2.924337  2.271528
461  0.325402     0.584433     2.620257  0.507113
462  1.672859    -0.029973     2.620257 -1.284819
463  0.445609     0.622385     3.863357  1.145566
464  1.975884     0.016330     8.504150 -1.657323
465  0.264053     0.653595     5.468812  1.145566
466  1.548411     0.408274     5.468812  2.572750
467  1.093442     0.372399     2.962607  2.246373
468  0.849533     0.261017     1.377172  1.012568
469  0.280816     0.619771     7.997585  1.145566
470  1.364872     0.030258     7.997585 -0.077575
471  1.696031    -0.031399     0.355179 -1.821988
472  0.859649     0.372040     3.572193  2.191263
473  1.933802     0.457951     2.080626  1.145566
474  0.748576     0.550243     7.997585  2.027104
475  0.289080     0.613319     2.764543  0.604103
476  0.786591     0.298038     5.296302  0.213364
477  0.507221     0.544214     1.844609  0.604103
478  2.076620     0.011696     2.764543 -2.324957
479  1.731807    -0.067444     4.570814 -0.932126
480  0.524805     0.452661     9.052541  0.505937
481  0.401822     0.536203     7.087089  0.604103
482  1.963663    -0.041913     7.087089 -1.606302
483  0.329358     0.585723     8.367550  0.840507
484  1.058173     0.161777     9.567320  0.197109
485  0.336775     0.580321     8.780542  0.840507
486  1.177755     0.108409     8.780542  0.050877
487  0.328152     0.588215     7.375715  0.773417
488  1.249931     0.076894     9.297117  0.079549
489  0.884448     0.261726     1.246072  0.773417
490  1.628683    -0.029207     7.375715 -0.828098
491  1.801062    -0.004791     0.788488 -2.126094
492  0.503854     0.607713     5.630663  1.489760
493  0.343208     0.576905     8.013618  0.773417
494  0.726742     0.557247     8.013618  2.004573
495  1.341803     0.038634     4.269862 -0.211422
496  0.324140     0.590852     3.834664  0.560838
497  0.320149     0.593461     2.323049  0.560838
498  1.507307    -0.023097     2.323049 -0.642892
499  2.128145    -0.039107     5.611270 -1.865369