error: 0.71 | highest correlation: nan
best global temp: 8.178194052185663 | best alpha: 1.5040541705540704 | best average temperature: 1.35
time scale: <class 'ising.random_ising'> | partial correlation: True

        error  correlation  global temp     alpha
0    1.427569    -0.001324     1.619545  1.487605
1    1.263902     0.068893     1.911909 -1.820032
2    1.156903     0.118676     4.271497  1.417596
3    0.760894     0.311917     9.611259  1.417596
4    1.013641     0.182452     9.611259  0.943023
5    1.365600     0.025681     6.726881 -2.643240
6    1.172915     0.108635     5.630288  0.216565
7    1.176376     0.107277     7.153058  0.216565
8    1.376972     0.020734     7.153058 -1.424177
9    1.099317     0.141691     3.267023  1.194094
10   1.434980    -0.003086     9.301777 -2.671152
11   1.281948     0.061267     6.640763 -2.671152
12   0.735277     0.325871     6.640763  1.311378
13   1.151190     0.118865     0.514593 -1.514792
14   0.919641     0.227776     9.542169  2.134309
15   0.821594     0.277738     9.750942  2.134309
16   1.259612     0.070476     9.750942  0.116831
17   1.282855     0.071775     6.097087  1.862976
18   1.329937     0.040389     8.456014 -0.278097
19   1.122758     0.131379     2.440999 -0.278097
20   1.352828     0.030981     2.440999 -2.384410
21   1.148992     0.124383     6.152250  1.926842
22   1.252503     0.073756     5.752160 -0.725762
23   1.294740     0.055517     4.189045 -0.725762
24   1.343997     0.034763     4.189045 -2.330007
25   1.165582     0.111874     9.086887  0.625036
26   1.126075     0.129902     1.304600  0.042749
27   1.191508     0.100414     4.653280  0.042749
28   2.406210     0.029453     4.653280  2.338489
29   1.395348     0.013051     8.689034 -0.968244
30   1.188901     0.101483     7.667574  0.467514
31   1.224856     0.085586     9.216576  0.467514
32   1.328757     0.041206     9.216576 -1.006900
33   0.929576     0.222918     3.089698  0.782237
34   1.103226     0.140418     7.760932  0.554412
35   0.996709     0.190054     3.097482  0.554412
36   1.007237     0.184543     3.097482  0.879369
37   0.802712     0.287709     9.701174  2.125180
38   1.379632     0.019711     3.632217 -2.674150
39   1.325339     0.042561     1.886192 -2.674150
40   1.248173     0.075203     1.886192  0.728452
41   2.246891    -0.032069     0.239043  0.023193
42   0.779076     0.302142     9.812087  1.353324
43   0.786978     0.297007     6.139590  1.353324
44   1.368992     0.024236     6.139590 -2.501870
45   1.306663     0.050528     9.914078 -0.518302
46   1.384080     0.017774     8.890311 -1.917125
47   1.211476     0.092124     0.425068 -1.917125
48   1.960288    -0.020699     0.425068  0.287049
49   0.938326     0.218894     4.415964  0.712205
50   1.090516     0.146116     4.242079  0.347707
51   1.181559     0.104688     6.348025  0.347707
52   1.372484     0.022815     6.348025 -1.771109
53   1.067392     0.156809     3.745254  0.281350
54   1.389187     0.015536     9.797086 -0.973677
55   1.358719     0.028337     8.115547 -0.973677
56   1.383243     0.018172     8.115547 -1.566478
57   1.401740     0.010427     6.899352 -0.715047
58   1.047057     0.166567     8.483030  0.780825
59   1.337859     0.037693     1.562891  0.780825
60        NaN          NaN     1.562891  2.198181
61   1.311731     0.048295     3.947570 -2.456054
62   1.318319     0.045506     9.233472 -0.966931
63   1.237760     0.080156     2.545529 -0.966931
64   1.185064     0.102712     2.545529  1.058801
65   1.374166     0.021999     5.876715 -2.324566
66   1.070928     0.155145     2.353383  0.049554
67   1.099548     0.141797     2.589983  0.049554
68   1.280307     0.061688     2.589983 -1.347619
69   2.152528     0.005239     3.931603  2.427541
70   1.359843     0.027941     2.055964 -1.818904
71   1.387433     0.016421     5.397972 -1.818904
72   1.373430     0.022280     5.397972 -1.563484
73   1.510544     0.005710     0.890067  0.300580
74   0.753719     0.314908     9.946319  1.852414
75   2.747470     0.064322     2.017117  1.852414
76   0.765448     0.308164     9.946319  2.018934
77   1.496530     0.042469     3.047807  1.363566
78   1.281819     0.061041     1.517957 -1.696129
79   1.195331     0.099149     0.765825 -1.696129
80   1.109640     0.137653     0.765825 -1.092631
81   1.224290     0.086476     0.295912 -2.933357
82   1.460249    -0.013397     5.828868 -2.548761
83   1.266886     0.067592     2.512298 -2.933357
84   1.337954     0.037225     2.512298 -2.654890
85   1.415167     0.020413     0.308708 -1.252937
86   1.327974     0.041280     2.766760 -1.582905
87   1.395886     0.012819     9.532229 -1.582905
88   1.423717     0.001542     9.532229 -1.232089
89   1.405767     0.009047     7.840261 -2.645969
90   1.363905     0.026295     8.017749 -1.842844
91   1.329809     0.040537     2.248847 -1.842844
92   1.296869     0.054672     2.248847 -2.019720
93   1.311644     0.048306     3.135807 -0.994597
94   1.360820     0.027604     5.286245 -2.746973
95   1.388951     0.015892     6.776741 -2.746973
96   1.269224     0.066383     6.776741  0.010406
97   1.118540     0.133431     7.016514  0.361942
98   1.351303     0.031463     3.946102 -1.856000
99   1.252092     0.074084     1.008188 -1.856000
100  1.181796     0.104987     1.008188 -1.561070
101  0.980095     0.198345     4.664535  0.687336
102  1.286861     0.058862     5.736627 -1.159517
103  1.016849     0.180645     5.288682  0.687336
104  1.369553     0.023952     5.288682 -1.621449
105  3.110793     0.068459     2.652565  2.453530
106  2.266035     0.085507     5.405593  2.873836
107  1.105113     0.139430     8.468786  0.687336
108  1.369073     0.024177     8.468786 -2.460513
109       NaN          NaN     0.976577  2.168486
110  1.384675     0.017646     4.729037 -2.781106
111  0.993133     0.192184     5.478791  0.687336
112  2.005961     0.129926     5.478791  2.222597
113  1.974060     0.016833     3.480031  2.174851
114  1.358459     0.028529     4.574008 -1.603902
115  1.046466     0.166916     7.438656  0.687336
116  1.394411     0.013428     7.438656 -1.549808
117  1.264754     0.068656     0.588949 -2.906333
118  1.311069     0.048638     8.862965 -2.838752
119  1.225322     0.086123     0.482966 -2.838752
120  1.268417     0.067468     0.482966 -1.074977
121  1.910317     0.062391     3.053269  1.735683
122  2.472867     0.066508     4.635504  2.717905
123  1.191350     0.100722     2.316525 -1.074977
124  1.281096     0.061359     2.316525 -2.471524
125  1.422777     0.000683     1.296027  1.731026
126  1.154563     0.117302     1.740839  0.633585
127  1.157796     0.115380     8.072544  0.633585
128  1.217382     0.106479     8.072544  2.257070
129  1.197581     0.097883     2.604011 -0.763774
130  1.364508     0.072277     4.220339  1.518592
131  1.684278     0.045110     3.317084  1.518592
132  0.980599     0.198104     4.220339  0.627315
133  1.390591     0.015075     8.027169 -2.166506
134  2.269205     0.113115     6.236024  2.675654
135  1.106837     0.138617     2.153858  0.627315
136  1.218151     0.088747     2.153858 -0.677223
137  1.262796     0.069110     8.064555  0.108455
138  1.408035     0.007974     6.867682 -2.465934
139  0.978321     0.199320     4.581068  0.627315
140  1.297263     0.054551     4.581068 -2.420701
141  1.939917     0.013451     0.825383  0.726791
142  1.850492     0.007270     8.970501  2.949980
143  1.072456     0.154600     7.125327  0.627315
144  1.244129     0.097802     7.125327  2.874486
145  1.332939     0.039375     4.528866 -2.748289
146  0.965833     0.205367     5.599059  0.805662
147  1.034651     0.172583     8.816998  0.805662
148  1.261007     0.124544     8.816998  2.482637
149  1.382927     0.018375     7.427644 -1.685597
150  1.422823     0.000664     1.430585  2.730745
151  0.954402     0.211133     5.777258  0.805662
152  1.841061     0.126493     5.777258  2.334356
153  1.361875     0.027106     3.250298 -2.728581
154  1.309531     0.049144     2.298911 -2.387851
155       NaN          NaN     0.157983  0.805662
156  1.282514     0.060629     5.777258 -0.354671
157  1.373032     0.022488     7.933922 -2.193275
158  1.044255     0.170832     6.854672  1.918784
159  1.064140     0.158426     2.649501  0.805662
160  1.376931     0.020840     2.649501 -2.881440
161  1.213012     0.091113     1.254724 -1.442098
162  1.330478     0.040243     3.819743 -1.937121
163  0.922387     0.226913     5.085016  0.805662
164  1.559804     0.040999     5.085016  1.997605
165  1.370865     0.023302     8.509836 -2.554397
166  1.303406     0.051936     6.641051 -0.728425
167  0.900580     0.237670     4.009388  0.805662
168  1.134668     0.125864     4.009388  0.154207
169  1.111220     0.136512     9.325619  0.825754
170  1.143668     0.121845     2.352671 -0.347711
171  0.876151     0.250141     3.597076  0.805662
172  1.346859     0.033456     3.597076 -2.195935
173  1.072490     0.154607     8.841399  0.802130
174  1.383952     0.018006     8.539559 -2.211366
175  1.343479     0.035099     1.690755  0.805662
176  0.977711     0.198828     3.597076  1.033222
177  0.982792     0.196797     2.640328  0.527010
178  1.190010     0.101047     4.312237 -0.022157
179  0.904521     0.235618     3.969124  0.805662
180  1.178192     0.106399     3.969124 -0.141231
181  1.170756     0.109823     5.534865  0.005122
182  0.809996     0.285527     9.568696  1.237567
183  1.171122     0.110275     3.422545  1.237567
184  1.363062     0.026786     9.568696 -1.391544
185  2.339227     0.021149     5.060949  2.781191
186  1.274522     0.064200     2.882978 -0.959124
187       NaN          NaN     1.244874  1.237567
188  1.286391     0.058948     9.568696 -0.255474
189  0.913900     0.230547     3.731969  1.055857
190  1.241214     0.078706     1.225336 -1.939404
191  0.934082     0.220414     3.978593  1.237567
192  0.777119     0.303004     9.568696  1.396679
193  1.452553     0.123381     5.233857  2.056069
194  1.292171     0.056492     6.127787 -0.689315
195  0.778145     0.302422     9.435397  1.396679
196  1.355244     0.029818     9.435397 -2.976401
197       NaN          NaN     0.205237  1.829192
198  1.193275     0.110701     5.940528  1.840192
199  0.738848     0.323966     7.577714  1.396679
200  1.320914     0.044196     7.577714 -0.057656
201  1.346652     0.033599     5.037021 -2.945189
202  2.887468    -0.001073     3.326059  2.799991
203  1.334838     0.038132     1.519835  1.396679
204  1.346257     0.033756     7.577714 -1.138238
205  1.305548     0.051016     9.561227 -0.586173
206  1.319622     0.045014     4.495582 -2.056408
207  3.368646     0.064934     1.390738  1.396679
208  1.436779    -0.003664     7.577714 -2.822334
209  1.208053     0.093407     0.387965 -2.901683
210  1.374821     0.021755     9.265009 -0.433774
211       NaN          NaN     1.233111  1.396679
212  1.645767     0.062519     7.577714  2.715856
213  1.383691     0.018202     4.650438 -2.371562
214  1.292736     0.056312     5.956240 -0.431923
215  0.756492     0.314310     8.912988  1.396679
216  1.410734     0.006850     8.912988 -2.754378
217  1.083401     0.149521     3.953629  0.174779
218  0.883699     0.245669     6.056112  1.573324
219  0.987269     0.194622     4.513651  1.396679
220  1.355598     0.029775     8.912988 -1.788156
221  0.808790     0.284587     9.886857  2.043999
222  2.691700    -0.004693     5.168203  2.785914
223       NaN          NaN     0.797253  1.396679
224  0.782400     0.299105     8.912988  1.811555
225  1.335112     0.038386     6.032222 -1.564466
226  1.032452     0.173214     2.463913  0.169909
227  1.337005     0.113395     4.635558  1.811555
228  0.862767     0.256369     8.912988  2.083737
229  1.424939     0.001097     8.512699 -2.883424
230  1.001430     0.190334     8.629943  2.159749
231  1.190438     0.111716     5.612425  1.811555
232  1.403267     0.009869     8.912988 -2.562648
233  1.039928     0.169779     5.448683  0.607255
234  1.128854     0.128470     9.013810  0.719811
235  0.830147     0.273295     7.813515  1.811555
236  1.313922     0.047216     8.912988  0.011489
237  1.422774     0.000685     1.832076  2.542404
238  1.191645     0.100802     0.405000 -2.465928
239  1.263305     0.082527     4.813275  1.811555
240  1.144791     0.121316     8.912988  0.589799
241  1.301243     0.052793     7.487163 -0.749577
242       NaN          NaN     0.659276  2.549863
243  1.299404     0.095990     5.377493  1.811555
244  1.425893     0.000731     8.912988 -2.689030
245  1.757965     0.110737     6.352634  2.552044
246       NaN          NaN     1.254278  2.658254
247       NaN          NaN     0.778697  1.811555
248  1.181297     0.105072     8.912988  0.446299
249  1.395435     0.013180     3.599914 -1.860465
250  1.230081     0.083255     8.738467  0.251114
251  1.663653     0.087787     3.838143  1.811555
252  1.742086     0.077130     8.912988  2.921220
253       NaN          NaN     0.898568  1.824715
254  1.336907     0.037329     4.408977 -0.564116
255       NaN          NaN     0.714680  1.811555
256  1.062395     0.159397     8.912988  0.761814
257  1.387730     0.016425     7.937141 -2.970902
258  1.339794     0.036202     6.982726 -0.218995
259  0.758250     0.312414     9.211004  1.811555
260  1.390562     0.015151     9.211004 -1.156799
261  1.307535     0.049882     7.066287 -0.027572
262  2.196555     0.032307     6.552636  2.221601
263  0.751374     0.316105     8.953117  1.811555
264  1.056561     0.161905     8.953117  0.894104
265  1.353115     0.030767     3.873907 -1.924677
266  1.185231     0.103182     2.377274 -0.412735
267  1.202284     0.102831     5.930475  1.811555
268  1.392532     0.014347     8.953117 -2.762603
269  1.085875     0.148516     1.279188 -0.155208
270  1.386193     0.017166     7.995754 -1.877228
271  1.352927     0.116356     4.882436  1.811555
272  1.376008     0.021279     8.953117 -2.490749
273  1.133227     0.126838     0.685664 -0.955929
274  1.322635     0.043590     5.427024 -2.036688
275  0.907465     0.233698     7.256207  1.811555
276  0.970950     0.203150     8.953117  0.985480
277  1.368689     0.024143     5.890126 -2.625708
278  1.304514     0.051277     2.740536 -1.289390
279  0.801282     0.288590     7.810183  1.811555
280  1.263536     0.068628     8.953117  0.374606
281  2.792187     0.022524     1.979945  1.610405
282  1.338841     0.040581     1.433293  0.780026
283  2.046432    -0.005550     4.008295  1.811555
284  1.435599    -0.003345     8.953117 -2.830736
285  1.193923     0.099306     3.047752 -0.371128
286  1.013581     0.181965     3.756917  1.137368
287  1.200958     0.108236     6.102302  1.811555
288  1.337364     0.037142     8.953117  0.316145
289  1.870144     0.091155     3.463877  2.055725
290  1.413037     0.005710     9.997839 -0.221603
291  1.087515     0.149288     6.512527  1.811555
292  1.336995     0.037408     8.953117 -0.176548
293  3.546583     0.039731     1.701672  1.688294
294  1.336986     0.037516     7.511232 -1.860051
295  1.560391     0.026724     4.723936  1.811555
296  1.096507     0.143516     8.953117  0.673829
297  1.178790     0.106299     0.710975 -1.079293
298  1.460266    -0.014929     1.506343  2.602676
299  0.770187     0.305701     8.876991  1.811555
300  0.850231     0.264023     8.953117  1.237262
301  1.137433     0.124526     4.805983  0.292855
302  1.334595     0.038782     7.263932 -2.081283
303  1.444642     0.072467     2.967448  1.811555
304  1.426438     0.000406     8.953117 -2.049735
305  1.355008     0.030018     8.705722 -1.201260
306  3.841463    -0.001194     1.484766  2.250069
307  0.767887     0.307104     9.158680  1.811555
308  1.303489     0.051827     9.158680 -0.533198
309  0.897346     0.238771     6.501230  1.660522
310  1.343800     0.034806     4.030915 -1.779267
311  1.419984     0.054026     5.285796  1.811555
312  1.347279     0.033427     9.158680 -1.832237
313  1.176411     0.112201     9.761343  2.427568
314  1.091522     0.145527     1.873264 -0.028753
315  1.202233     0.112475     5.851230  1.811555
316  1.409756     0.007510     9.158680 -1.096197
317  1.208929     0.092688     9.473818  0.460852
318       NaN          NaN     1.188672  1.865620
319  1.434579    -0.004185     2.260821  1.811555
320  1.821190     0.017115     9.158680  2.857671
321  0.733885     0.325966     7.676769  1.642180
322  1.170684     0.110062     2.954543 -0.915224
323  1.496995     0.084128     3.581266  1.642180
324  1.809204     0.104605     7.676769  2.929165
325       NaN          NaN     0.144806  1.180190
326  1.139146     0.123942     2.430660 -0.342630
327  1.478584     0.046315     4.743924  1.642180
328  1.383654     0.018022     7.676769 -1.480472
329  0.887066     0.244686     4.344240  0.825307
330  1.258030     0.071270     7.863704 -0.174561
331       NaN          NaN     0.636379  1.642180
332  1.256848     0.071494     7.676769  0.372229
333  2.529831    -0.010247     0.181762  0.219047
334  1.232804     0.082333     2.942124 -0.837025
335  1.420597     0.049055     4.919011  1.642180
336  1.369445     0.023877     7.676769 -2.386798
337  1.400240     0.011227     7.153808 -2.733019
338  1.177296     0.116102     9.515703  2.470051
339  0.764816     0.308981     8.251826  1.642180
340  1.348258     0.032839     7.676769 -2.754333
341  0.857784     0.258922     5.902959  1.566661
342  1.306656     0.050448     2.864471 -1.446760
343  1.625647     0.123511     3.082656  1.642180
344  0.748023     0.318605     7.676769  1.467132
345  1.858658     0.083269     6.018570  2.522997
346  1.396860     0.012580     7.396094 -1.249664
347  1.058729     0.161204     4.810724  1.467132
348  1.528859     0.056098     7.676769  2.287901
349  2.226783     0.028885     5.181238  2.701893
350  1.426946     0.000159     7.205636 -2.406330
351  1.022689     0.177915     5.104149  1.467132
352  1.073828     0.155983     7.676769  2.143866
353  1.332419     0.039531     7.647013 -1.091152
354  1.292675     0.056526     4.284389 -1.958310
355  0.829891     0.273607     5.704102  1.467132
356  1.410002     0.007011     7.676769 -2.925278
357  2.017740     0.032861     3.575900  1.755196
358  0.808347     0.284865     8.710008  1.906573
359  0.783855     0.298415     6.266044  1.467132
360  1.318688     0.045314     7.676769 -0.424259
361  1.380387     0.019414     4.053401 -2.693531
362  1.039938     0.169682     3.362858  0.345130
363  0.748085     0.318634     8.023221  1.467132
364  0.919859     0.228467     8.023221  1.025546
365  1.681293     0.092619     7.251281  2.403726
366  0.791206     0.295383     6.658296  1.144358
367  0.808637     0.285011     6.152223  1.467132
368  1.403547     0.009864     8.023221 -1.765663
369  1.311454     0.049649     0.862644 -0.232535
370  1.596128     0.001194     0.448991  0.020387
371  0.874197     0.250598     5.669207  1.467132
372  0.718599     0.334877     8.023221  1.606196
373  1.162729     0.113498     3.656023  1.300701
374  1.369685     0.023743     8.415965 -2.249096
375  1.611769     0.106217     3.676857  1.606196
376  1.774538     0.078653     8.023221  2.721585
377  1.272732     0.064997     4.997472 -1.378841
378  1.067380     0.157075     8.720004  0.727926
379  1.122703     0.133357     5.474913  1.606196
380  1.256149     0.140369     8.023221  2.378093
381  1.245791     0.076373     8.569256  0.423438
382  1.371332     0.023190     3.984767 -1.467172
383  1.665939     0.105987     3.106977  1.606196
384  1.347887     0.032813     8.023221 -0.737118
385  1.348036     0.032876     9.385354 -1.709898
386  1.347678     0.033086     8.965797 -2.966378
387  1.062096     0.159896     5.392959  1.606196
388  1.052849     0.163777     8.023221  0.742376
389  1.366100     0.025320     8.729440 -0.959476
390  1.299217     0.053429     9.704473  0.171275
391  1.522176     0.040619     4.096981  1.606196
392  1.436945    -0.003865     8.023221 -1.152509
393  0.907251     0.233815     4.621194  1.321843
394  1.311071     0.048647     2.916207 -2.395875
395  0.801815     0.288481     6.671046  1.606196
396  0.781982     0.300399     8.023221  1.272767
397  1.213247     0.090993     1.997334 -1.746868
398  1.432108    -0.002035     6.713090 -1.723323
399  0.983950     0.196627     5.496398  1.606196
400  0.774067     0.304387     8.023221  1.402696
401  2.054661     0.126433     4.764849  2.954455
402  1.393099     0.014068     9.009432 -2.651301
403  0.806423     0.286102     6.925570  1.606196
404  1.362976     0.026759     8.023221 -2.744957
405  0.879368     0.248581     4.010678  0.816265
406  1.369987     0.023741     4.716631 -2.556621
407  1.540773     0.076794     1.315209  1.606196
408  0.739485     0.322915     8.023221  1.648827
409  0.909480     0.233175     3.753634  0.733876
410       NaN          NaN     0.700589  1.298358
411  0.760691     0.311236     7.842821  1.606196
412  1.342395     0.035317     8.023221 -0.949025
413  1.225292     0.085658     8.178932  0.205035
414       NaN          NaN     1.450790  1.953643
415  0.760793     0.311289     8.516976  1.606196
416  0.921334     0.227751     8.023221  1.000951
417  1.299252     0.053530     3.754038 -0.464888
418  1.277930     0.062550     9.929350  0.203907
419  0.831615     0.272673     6.531465  1.606196
420  0.770581     0.305445     8.023221  1.735123
421  1.284934     0.059686     4.613607 -0.391989
422  1.275213     0.064107     1.450226 -1.299588
423  0.734029     0.325991     7.587723  1.606196
424  1.265875     0.067866     8.023221  0.096917
425  1.397727     0.026150     0.340363 -1.183073
426  1.143042     0.122097     1.150792 -0.321514
427  0.801714     0.288614     6.972570  1.606196
428  1.519786     0.021495     8.023221  2.932923
429  1.327450     0.041494     4.096121 -0.868241
430  1.292845     0.056223     8.162056 -0.217160
431  1.165325     0.119744     5.034743  1.606196
432  1.429143     0.138377     8.023221  2.672327
433  1.691393     0.036786     9.342407  2.927882
434  1.266256     0.067921     2.296182 -2.335706
435  1.079637     0.152288     5.460218  1.606196
436  1.158595     0.114984     8.023221  0.569619
437  1.432150     0.059300     4.687196  1.532879
438  1.115363     0.134788     8.871238  0.684881
439  0.725445     0.331025     7.987439  1.606196
440  1.326013     0.042268     7.987439 -1.054240
441  1.213748     0.090867     0.897113 -2.774215
442  1.416612     0.004309     8.999906 -2.018887
443  1.063145     0.159679     5.491944  1.606196
444  1.367776     0.024665     7.987439 -1.965900
445  0.920805     0.228087     9.899704  1.122074
446  1.300254     0.053069     5.232964 -0.763825
447  1.378280     0.042937     4.440478  1.606196
448  1.349729     0.107703     7.987439  2.397373
449  1.297418     0.054300     4.581697 -0.751103
450  1.343557     0.034870     6.554881 -1.173837
451  2.021326     0.065991     1.885264  1.606196
452  1.389434     0.015577     7.987439 -1.048816
453  1.369893     0.023781     6.282180 -2.193414
454  1.115119     0.134963     5.279108  0.263060
455  0.765608     0.308494     7.806586  1.606196
456  1.379632     0.019797     7.987439 -2.706006
457       NaN          NaN     0.784169  2.287157
458  1.443453    -0.004912     1.474269  0.769334
459       NaN          NaN     0.373457  1.606196
460  0.771093     0.305338     7.987439  1.682259
461  1.221300     0.087272     7.956730  0.060760
462  1.289851     0.057673     9.770548 -0.360124
463       NaN          NaN     0.878498  1.606196
464  1.112633     0.136071     7.987439  0.579134
465  1.366171     0.025328     3.214289 -2.025583
466  1.536063     0.040469     7.261981  2.450220
467  0.735232     0.325763     9.890181  1.606196
468  1.341604     0.035604     7.987439 -1.347383
469  1.546436     0.044088     3.604430  1.482076
470  1.334155     0.038996     5.135999 -1.646235
471  0.763895     0.309259     7.766684  1.606196
472  1.414096     0.005572     7.987439 -2.603799
473  1.088543     0.147112     8.055271  0.670236
474  1.383710     0.017924     5.005998 -1.981629
475  1.478602     0.044475     4.275801  1.606196
476  1.417127     0.080291     7.987439  2.531498
477  1.581383     0.072238     5.068331  1.860707
478  1.388147     0.016048     2.439320 -1.981479
479  0.908016     0.233357     6.473957  1.606196
480  1.321573     0.043952     7.987439 -0.635606
481  1.065489     0.157791     8.370016  0.783737
482  0.711708     0.339198     8.178194  1.504054
483  0.747022     0.318859     6.990120  1.504054
484  1.080048     0.151039     8.178194  0.775439
485  1.263564     0.068862     2.215312 -1.713423
486  2.640079    -0.000358     4.282234  2.364091
487       NaN          NaN     1.601849  1.504054
488  1.136378     0.125158     8.178194  0.636110
489  1.270239     0.066064     4.052380 -1.992918
490  1.640690     0.071335     2.218422  2.423921
491  2.816512    -0.029985     1.466525  1.504054
492  1.327934     0.041387     8.178194 -2.639016
493  1.439410    -0.004883     6.860893 -2.194936
494  0.739150     0.323905     9.570253  1.468352
495  1.396928     0.038865     3.869840  1.504054
496  1.165960     0.111729     8.178194  0.534437
497  1.279238     0.061450     2.312163  1.029209
498  1.744550    -0.016639     0.483124  0.246754
499  1.435593    -0.004672     1.792342  1.504054