error: 0.35 | highest correlation: nan
best global temp: 5.236602841470749 | best alpha: 0.8928014419198187 | best average temperature: 1.32
time scale: <class 'ising.Jij_sorted_ising'> | partial correlation: False

        error  correlation  global temp     alpha
0    1.439526     0.454954     4.228518  1.321947
1    2.428488     0.135964     3.288842  2.762276
2    2.135930    -0.043620     3.521288 -2.105277
3    1.991910    -0.032842     2.971673 -2.105277
4    0.856367     0.486162     2.971673  0.879673
5    0.865531     0.485175     2.971673  0.879673
6    0.913776     0.472429     2.971673  0.879673
7    0.844422     0.493501     2.971673  0.879673
8         NaN          NaN     0.100000  3.000000
9         NaN          NaN     0.100000  3.000000
10        NaN          NaN     0.100000  3.000000
11   1.163374     0.141540     6.361410  0.069410
12   1.747060    -0.050026     9.870720 -0.767958
13   1.711631    -0.055428     5.033497 -0.767958
14   0.395258     0.568196     5.033497  0.682841
15   0.395485     0.567949     5.033497  0.682841
16   0.394120     0.568967     5.033497  0.682841
17   0.398737     0.565344     5.033497  0.682841
18   2.479642    -0.003763    10.000000 -3.000000
19   2.504270     0.008747    10.000000 -3.000000
20   2.458159     0.003921    10.000000 -3.000000
21   0.980181     0.226829     5.719773  0.173942
22   0.980332     0.226832     5.719773  0.173942
23   0.975710     0.229072     5.719773  0.173942
24   0.546966     0.468019     5.369286  0.433841
25   0.553312     0.463675     5.369286  0.433841
26   0.568447     0.454051     5.369286  0.433841
27   0.400554     0.565273     5.077127  0.650488
28   0.417332     0.552635     5.077127  0.650488
29   0.417586     0.552350     5.077127  0.650488
30   0.410444     0.557069     5.055568  0.666475
31   0.411838     0.556291     5.055568  0.666475
32   0.409140     0.558213     5.055568  0.666475
33   0.399414     0.565117     5.043307  0.675566
34   0.404822     0.560903     5.043307  0.675566
35   0.397455     0.566641     5.043307  0.675566
36   0.378250     0.581160     5.038738  0.678955
37   0.409729     0.557411     5.038738  0.678955
38   0.394333     0.568983     5.038738  0.678955
39   0.393592     0.569348     5.036465  0.680640
40   0.404167     0.561624     5.036465  0.680640
41   0.387120     0.574437     5.036465  0.680640
42   0.395579     0.567779     5.035163  0.681605
43   0.404805     0.560888     5.035163  0.681605
44   0.386014     0.574990     5.035163  0.681605
45   0.404658     0.561044     5.034435  0.682145
46   0.395469     0.567966     5.034435  0.682145
47   0.398009     0.566111     5.034435  0.682145
48   0.398423     0.565673     5.033686  0.682701
49   0.405376     0.560532     5.033686  0.682701
50   0.408443     0.558165     5.033686  0.682701
51   0.406412     0.559746     5.033556  0.682797
52   0.406234     0.559729     5.033556  0.682797
53   0.403533     0.561784     5.033556  0.682797
54   0.398432     0.565721     5.033522  0.682822
55   0.388257     0.573391     5.033522  0.682822
56   0.386775     0.574512     5.033522  0.682822
57   0.393385     0.569711     5.033504  0.682836
58   0.406642     0.559605     5.033504  0.682836
59   0.414462     0.553719     5.033504  0.682836
60   0.400520     0.564153     5.033499  0.682839
61   0.388228     0.573580     5.033499  0.682839
62   0.405607     0.560222     5.033499  0.682839
63   0.398035     0.565794     5.033497  0.682841
64   0.410880     0.556383     5.033497  0.682841
65   0.407472     0.558943     5.033497  0.682841
66   0.405395     0.560500     5.033497  0.682841
67   0.411603     0.555831     5.033497  0.682841
68   0.403025     0.562287     5.033497  0.682841
69   0.388087     0.573372     5.033497  0.682841
70   0.419953     0.549764     5.033497  0.682841
71   0.397861     0.565823     5.033497  0.682841
72   0.401204     0.563687     5.033497  0.682841
73   0.391022     0.571219     5.033497  0.682841
74   0.412970     0.554826     5.033497  0.682841
75   0.399534     0.564841     5.033497  0.682841
76   0.392490     0.570097     5.033497  0.682841
77   0.404402     0.561234     5.033497  0.682841
78   2.705948     0.173065     2.215454  0.910066
79   1.910556    -0.007433     3.914535 -1.996813
80   1.911793    -0.043445     1.413089 -1.996813
81   2.027570    -0.033767     1.413089 -2.310428
82   0.492908     0.501952     4.989591  0.520464
83   2.067340    -0.049887     7.284929 -1.473264
84   1.900869    -0.060348     4.191889 -1.473264
85   2.362172    -0.027841     4.191889 -2.806035
86   2.529811    -0.026182     6.799909 -2.805785
87   2.859293     0.160204     7.539663  2.466421
88   2.125509     0.262399     9.936879  2.466421
89   2.381819     0.002557     9.936879 -2.440115
90   1.610612    -0.034274     4.434837 -0.509351
91   1.155037     0.459713     7.008555  1.764368
92   0.743526     0.531509     8.070288  1.764368
93   1.495466     0.006767     8.070288 -0.204581
94   2.442561    -0.031095     4.142962 -2.861552
95   1.764292    -0.034662     9.478354 -0.906534
96   1.408602     0.048586     0.687002 -0.906534
97   2.094266    -0.022252     0.687002 -2.886549
98   1.914158    -0.000536     9.701704 -1.588706
99   1.806783     0.055997     1.156464  0.148961
100  1.226100     0.114233     9.546603  0.148961
101  2.500042    -0.023193     9.546603 -2.919441
102  0.916212     0.258599     4.015365  0.111126
103  1.246449     0.105577     0.425056 -0.472639
104  1.655371    -0.040837     9.793102 -0.472639
105  0.429169     0.556141     9.793102  1.491080
106  0.399679     0.563986     5.773182  0.759409
107  1.147059     0.148490     5.188386  0.064633
108  1.240697     0.107822     8.168722  0.064633
109  0.393041     0.565419     8.168722  1.017930
110  0.384986     0.571233     8.168722  1.017930
111  0.386072     0.570386     8.168722  1.017930
112  0.402620     0.558250     8.168722  1.017930
113  1.867095    -0.008208     0.100000 -3.000000
114  1.849709    -0.014392     0.100000 -3.000000
115  1.694397     0.012432     0.100000 -3.000000
116  1.804341    -0.060923     3.527591 -1.293184
117  1.840972    -0.055681     3.527591 -1.293184
118  1.763240    -0.040597     3.527591 -1.293184
119  0.502220     0.495478     7.388075  0.629196
120  0.460702     0.524050     7.388075  0.629196
121  0.457723     0.526215     7.388075  0.629196
122  0.421085     0.548749     7.723779  0.796365
123  0.410906     0.556533     7.723779  0.796365
124  0.402525     0.562323     7.723779  0.796365
125  0.389960     0.569307     7.929362  0.898738
126  0.397528     0.563833     7.929362  0.898738
127  0.401239     0.561014     7.929362  0.898738
128  0.405410     0.556365     8.124117  0.995719
129  0.397747     0.561815     8.124117  0.995719
130  0.394491     0.564365     8.124117  0.995719
131  0.388897     0.568603     8.145646  1.006439
132  0.394572     0.564314     8.145646  1.006439
133  0.406741     0.555157     8.145646  1.006439
134  0.396972     0.562447     8.164625  1.015890
135  0.395859     0.563175     8.164625  1.015890
136  0.395534     0.563478     8.164625  1.015890
137  0.387778     0.569090     8.167225  1.017185
138  0.392813     0.565461     8.167225  1.017185
139  0.398624     0.561334     8.167225  1.017185
140  0.402746     0.558100     8.168412  1.017776
141  0.400255     0.559849     8.168412  1.017776
142  0.384871     0.571190     8.168412  1.017776
143  0.391952     0.565949     8.168564  1.017852
144  0.392832     0.565390     8.168564  1.017852
145  0.392851     0.565278     8.168564  1.017852
146  0.385495     0.570727     8.168673  1.017906
147  0.397637     0.561860     8.168673  1.017906
148  0.383002     0.572753     8.168673  1.017906
149  0.404908     0.556426     8.168712  1.017925
150  0.400619     0.559784     8.168712  1.017925
151  0.380654     0.574482     8.168712  1.017925
152  0.396230     0.562916     8.168717  1.017928
153  0.392187     0.565882     8.168717  1.017928
154  0.401857     0.558712     8.168717  1.017928
155  0.392368     0.565670     8.168720  1.017929
156  0.396692     0.562659     8.168720  1.017929
157  0.388261     0.568910     8.168720  1.017929
158  0.384926     0.571268     8.168721  1.017930
159  0.393624     0.564800     8.168721  1.017930
160  0.394166     0.564201     8.168721  1.017930
161  0.392621     0.565565     8.168722  1.017930
162  0.392203     0.565666     8.168722  1.017930
163  0.392335     0.565604     8.168722  1.017930
164  0.392326     0.565781     8.168722  1.017930
165  0.394641     0.564135     8.168722  1.017930
166  0.409464     0.553412     8.168722  1.017930
167  0.401709     0.558754     8.168722  1.017930
168  0.395617     0.563470     8.168722  1.017930
169  0.394827     0.563824     8.168722  1.017930
170  0.395913     0.563379     8.168722  1.017930
171  0.394912     0.563734     8.168722  1.017930
172  0.391245     0.566430     8.168722  1.017930
173  1.709666     0.346395     8.015526  2.057523
174  0.763100     0.336367     2.512932  0.154928
175  1.190073     0.129851     9.215541  0.154928
176  2.267255    -0.025217     9.215541 -2.202167
177  3.498349     0.047770     1.156876  1.495457
178  2.812974     0.200341     4.428940  1.707566
179  0.996387     0.262658     3.224794  1.707566
180  2.232692    -0.007789     3.224794 -2.720338
181  2.499892     0.212548     7.620281  2.277907
182  1.708946    -0.066360     3.917570 -0.651621
183  1.635483    -0.039687     4.384760 -0.651621
184  1.490051     0.006271     4.384760 -0.305344
185       NaN          NaN     0.239804  2.579134
186  0.574985     0.455731     2.875826  0.626767
187  0.457526     0.526470     6.993286  0.626767
188  1.729415    -0.058223     6.993286 -0.821357
189  0.777407     0.327406     2.297973  0.206560
190  1.957625     0.312634     6.690001  1.908167
191  2.896704     0.177279     5.020418  1.908167
192  0.362476     0.588751     6.690001  1.043530
193  0.363448     0.588117     6.690001  1.043530
194  0.374339     0.579927     6.690001  1.043530
195  0.363231     0.588679     6.690001  1.043530
196  3.799841     0.051625     0.100000  3.000000
197  3.799841     0.051625     0.100000  3.000000
198  3.799841     0.051625     0.100000  3.000000
199  2.772795     0.195657     4.493336  1.695686
200  2.655362     0.204856     4.493336  1.695686
201  2.803867     0.202109     4.493336  1.695686
202  0.812614     0.542836     5.424773  1.419157
203  0.829211     0.539619     5.424773  1.419157
204  0.823979     0.541310     5.424773  1.419157
205  0.361779     0.593563     6.442938  1.116879
206  0.365800     0.590737     6.442938  1.116879
207  0.363616     0.591733     6.442938  1.116879
208  0.361935     0.589517     6.619677  1.064408
209  0.370734     0.583700     6.619677  1.064408
210  0.382257     0.574816     6.619677  1.064408
211  0.369800     0.583675     6.669347  1.049662
212  0.368770     0.584225     6.669347  1.049662
213  0.376117     0.578754     6.669347  1.049662
214  0.361369     0.589725     6.682154  1.045860
215  0.370869     0.582643     6.682154  1.045860
216  0.366149     0.586182     6.682154  1.045860
217  0.371352     0.582277     6.688156  1.044078
218  0.379942     0.575596     6.688156  1.044078
219  0.370168     0.583246     6.688156  1.044078
220  0.376848     0.578239     6.689581  1.043655
221  0.369132     0.584049     6.689581  1.043655
222  0.364525     0.587261     6.689581  1.043655
223  0.372313     0.581571     6.689833  1.043580
224  0.367499     0.585465     6.689833  1.043580
225  0.361219     0.589927     6.689833  1.043580
226  0.365656     0.586563     6.689941  1.043548
227  0.368710     0.584230     6.689941  1.043548
228  0.369604     0.583900     6.689941  1.043548
229  0.366082     0.585955     6.689983  1.043535
230  0.364538     0.587481     6.689983  1.043535
231  0.360822     0.589738     6.689983  1.043535
232  0.359768     0.590712     6.689995  1.043532
233  0.375019     0.579407     6.689995  1.043532
234  0.364259     0.587784     6.689995  1.043532
235  0.372618     0.581197     6.690000  1.043530
236  0.364342     0.587448     6.690000  1.043530
237  0.367989     0.584752     6.690000  1.043530
238  0.365596     0.586747     6.690000  1.043530
239  0.367094     0.585487     6.690000  1.043530
240  0.370884     0.582413     6.690000  1.043530
241  0.367351     0.584983     6.690001  1.043530
242  0.365164     0.586595     6.690001  1.043530
243  0.372879     0.581077     6.690001  1.043530
244  0.360785     0.590129     6.690001  1.043530
245  0.372004     0.581652     6.690001  1.043530
246  0.359581     0.590860     6.690001  1.043530
247  0.375539     0.578885     6.690001  1.043530
248  0.356814     0.593168     6.690001  1.043530
249  0.377811     0.577516     6.690001  1.043530
250  0.366721     0.585678     6.690001  1.043530
251  0.363089     0.588303     6.690001  1.043530
252  0.368341     0.584714     6.690001  1.043530
253  0.367924     0.584624     6.690001  1.043530
254  0.373630     0.580393     6.690001  1.043530
255  0.364384     0.587447     6.690001  1.043530
256  1.285201     0.088567     8.705266  0.095930
257  1.851649    -0.050765     8.147022 -1.180988
258  0.395024     0.563406     8.247902  1.043530
259  2.599257    -0.002758     8.247902 -2.956280
260  1.369910     0.222890     3.653362  2.089013
261  1.697550    -0.035396     8.864812 -0.822833
262  0.361056     0.589613     6.671214  1.043530
263  2.013528    -0.036055     6.671214 -1.533391
264  0.374625     0.579822     6.671214  1.043530
265  0.363303     0.588417     6.671214  1.043530
266  0.365086     0.586890     6.671214  1.043530
267  2.396301     0.191850    10.000000  3.000000
268  2.825923     0.150100    10.000000  3.000000
269  2.929995     0.137953    10.000000  3.000000
270  0.370290     0.583294     6.708068  1.065191
271  0.366648     0.585781     6.708068  1.065191
272  0.373034     0.581209     6.708068  1.065191
273  0.365631     0.586573     6.682768  1.050321
274  0.372097     0.582223     6.682768  1.050321
275  0.361357     0.590029     6.682768  1.050321
276  0.358043     0.592344     6.675531  1.046067
277  0.373410     0.580865     6.675531  1.046067
278  0.374904     0.579338     6.675531  1.046067
279  0.365062     0.587013     6.673475  1.044858
280  0.382536     0.573939     6.673475  1.044858
281  0.369325     0.583876     6.673475  1.044859
282  0.365829     0.586142     6.672367  1.044207
283  0.366099     0.586141     6.672367  1.044207
284  0.369112     0.584233     6.672367  1.044207
285  0.371565     0.582214     6.671623  1.043770
286  0.365506     0.586674     6.671623  1.043770
287  0.370054     0.583449     6.671623  1.043771
288  0.367436     0.585184     6.671326  1.043595
289  0.367834     0.585058     6.671326  1.043595
290  0.364706     0.587384     6.671326  1.043595
291  0.364413     0.587608     6.671250  1.043551
292  0.366198     0.585950     6.671250  1.043551
293  0.367448     0.585096     6.671250  1.043551
294  0.368522     0.584487     6.671227  1.043538
295  0.377451     0.577619     6.671227  1.043538
296  0.364921     0.587376     6.671227  1.043538
297  0.358100     0.592186     6.671220  1.043533
298  0.363644     0.587895     6.671220  1.043533
299  0.363113     0.588722     6.671220  1.043533
300  0.368529     0.584234     6.671218  1.043532
301  0.378359     0.576924     6.671218  1.043532
302  0.367038     0.585417     6.671218  1.043532
303  0.363685     0.588295     6.671219  1.043533
304  0.379147     0.576474     6.671219  1.043533
305  0.372283     0.581758     6.671219  1.043533
306  0.362144     0.589250     6.671219  1.043533
307  0.363938     0.587739     6.671219  1.043533
308  0.377808     0.577366     6.671219  1.043533
309  0.369414     0.583298     6.671220  1.043533
310  0.368570     0.584346     6.671220  1.043533
311  0.366227     0.586026     6.671220  1.043533
312  0.356565     0.593474     6.671220  1.043533
313  0.360607     0.590212     6.671220  1.043533
314  0.361992     0.589410     6.671220  1.043533
315  0.369719     0.583424     6.671220  1.043533
316  0.371051     0.582745     6.671220  1.043533
317  0.369729     0.583751     6.671220  1.043533
318  0.371552     0.582072     6.671220  1.043533
319  0.371575     0.581878     6.671220  1.043533
320  0.364587     0.587235     6.671220  1.043533
321  0.376533     0.578639     6.671220  1.043533
322  0.366415     0.585798     6.671220  1.043533
323  0.366945     0.585656     6.671220  1.043533
324  0.378150     0.577330     6.671220  1.043533
325  0.374445     0.580078     6.671220  1.043533
326  0.372431     0.581328     6.671220  1.043533
327  0.393643     0.593372     3.820487  0.892803
328  1.653698    -0.031280     6.150200 -0.765166
329  0.355466     0.595131     5.236605  0.892803
330  1.209960     0.120587     5.236605  0.026424
331  0.352069     0.597970     5.236605  0.892803
332  0.353264     0.596733     5.236605  0.892803
333  0.361760     0.590201     5.236605  0.892803
334  1.861910    -0.005039     0.100000 -3.000000
335  1.931059    -0.024922     0.100000 -3.000000
336  1.878056    -0.016700     0.100000 -3.000000
337  0.381201     0.577907     4.998770  0.712559
338  0.392304     0.569322     4.998770  0.712559
339  0.380049     0.578843     4.998770  0.712559
340  0.366988     0.586346     5.190005  0.857487
341  0.360048     0.591862     5.190005  0.857487
342  0.353884     0.596613     5.190005  0.857487
343  0.344338     0.603856     5.211528  0.873799
344  0.362282     0.590097     5.211528  0.873799
345  0.352923     0.597062     5.211528  0.873799
346  0.352678     0.597118     5.233600  0.890526
347  0.346324     0.602289     5.233600  0.890526
348  0.355306     0.595122     5.233600  0.890526
349  0.335996     0.610290     5.235329  0.891836
350  0.365074     0.587496     5.235329  0.891836
351  0.355463     0.595287     5.235329  0.891836
352  0.348724     0.600605     5.236505  0.892728
353  0.350784     0.598620     5.236505  0.892728
354  0.357390     0.593570     5.236505  0.892728
355  0.364674     0.588102     5.236584  0.892787
356  0.350219     0.599295     5.236584  0.892787
357  0.352540     0.597523     5.236584  0.892787
358  0.358771     0.592460     5.236593  0.892794
359  0.353650     0.596672     5.236593  0.892794
360  0.358777     0.592592     5.236593  0.892794
361  0.352766     0.597380     5.236600  0.892799
362  0.355491     0.595119     5.236600  0.892799
363  0.348384     0.600575     5.236600  0.892799
364  0.346573     0.601979     5.236603  0.892801
365  0.362172     0.590237     5.236603  0.892801
366  0.349801     0.599667     5.236603  0.892801
367  0.357456     0.593471     5.236602  0.892801
368  0.361018     0.591184     5.236602  0.892801
369  0.347164     0.601571     5.236602  0.892801
370  0.352740     0.596981     5.236602  0.892801
371  0.358499     0.592753     5.236602  0.892801
372  0.369239     0.584765     5.236602  0.892801
373  0.351746     0.598162     5.236603  0.892801
374  0.366538     0.586436     5.236603  0.892801
375  0.355970     0.595024     5.236603  0.892801
376  0.352174     0.597477     5.236603  0.892801
377  0.354867     0.595699     5.236603  0.892801
378  0.357733     0.593089     5.236603  0.892801
379  0.769628     0.538535     6.221395  1.525962
380  2.269874     0.010102     6.024143 -2.613085
381  0.462719     0.568544     8.113527  1.525962
382  2.423354     0.222328     8.113527  2.334557
383  1.930943    -0.031677     6.010951 -1.586330
384  0.449254     0.583941     6.467797  1.361869
385  1.895678     0.380728     3.985994  1.361869
386  1.807598    -0.069592     6.467797 -0.940356
387  0.787290     0.367040     6.439530  2.619217
388  0.389290     0.570927     6.291681  0.810059
389  0.523405     0.531126     3.201177  0.810059
390  0.476663     0.521620     3.201177  0.723501
391  1.117291     0.448877     8.964875  1.992409
392  1.372852     0.051836     2.766825 -0.301246
393  0.700516     0.377648     1.506810  0.723501
394  1.273386     0.093695     1.506810 -0.507473
395  0.431427     0.608303     3.747629  0.946930
396  0.567520     0.449114     2.909003  0.426109
397  1.475752     0.029294     0.675935  0.426109
398  0.532575     0.472179     2.909003  0.543154
399  1.302374     0.083827     0.486802 -0.260249
400       NaN          NaN     0.303563  2.887350
401  1.290391     0.197734     2.079449  0.543154
402  1.577396    -0.024600     2.909003 -0.587736
403  2.135821    -0.012573     2.079820 -2.625578
404  2.518357    -0.015715     9.167855 -2.981146
405  0.633526     0.412890     9.813898  0.543154
406  1.416121     0.035607     9.813898  0.003233
407  1.712830    -0.051860     4.395509 -0.871096
408  1.774221    -0.057373     4.913178 -1.070758
409  1.033176     0.201200     0.978518  0.543154
410  0.426788     0.552358     9.813898  1.438794
411  1.547732    -0.012165     8.303973 -0.266528
412  1.362822     0.057028     8.595157 -0.013465
413  2.220639     0.311614     4.129872  1.438794
414  1.602777    -0.031066     9.813898 -0.275773
415  2.740392     0.118589     2.720626  2.862673
416  0.421851     0.548582     8.122458  0.787999
417  0.456038     0.524718     9.239820  0.787999
418  1.261555     0.098878     9.239820  0.098838
419  3.091211     0.069736     2.388600  2.820192
420  3.869663    -0.001194     1.160940  2.166205
421  0.448039     0.530097     9.087341  0.787999
422  2.547554     0.199241     9.087341  2.558417
423  0.775853     0.378203     6.620291  2.634159
424  1.522822    -0.007055     4.111693 -0.264657
425  0.367520     0.586829     5.210733  0.787999
426  1.411868     0.242759     5.210733  2.833261
427  0.949941     0.241877     1.819912  0.134074
428  1.591965    -0.028688     1.315885 -0.853392
429  0.452988     0.526703     8.859223  0.787999
430  0.406507     0.567143     8.859223  1.389743
431  1.923655     0.304357     8.347010  2.151319
432  0.387833     0.571181     7.984891  1.188764
433  0.395584     0.564141     8.531735  1.188764
434  1.732369    -0.058408     8.531735 -0.708143
435  1.280369     0.091291     8.264631  0.005996
436  1.741431    -0.076161     6.745191 -0.570968
437  1.747706     0.435846     3.439803  1.188764
438  1.975068    -0.029771     8.531735 -1.522493
439  3.022510     0.139745     7.026862  2.488099
440  2.637755     0.116022     3.583848  2.917287
441  0.592967     0.601619     4.486206  1.188764
442  0.745764     0.348813     8.531735  0.394219
443  2.659729     0.199943     6.198527  2.072753
444  1.653266    -0.048961     2.822634 -0.694226
445  0.376964     0.587973     6.598738  1.188764
446  2.079036    -0.014202     6.598738 -1.979023
447  0.524548     0.481489     5.551157  0.513309
448  1.726218    -0.021608     2.866423 -1.371698
449  0.390522     0.569259     8.061152  1.188764
450  1.289670     0.086648     8.061152  0.054975
451       NaN          NaN     0.743892  1.202002
452  0.585732     0.455893     2.828110  0.647301
453       NaN          NaN     0.692910  1.188764
454  2.754473     0.173539     8.061152  2.500172
455  2.655139     0.177617     9.537268  2.740552
456  1.684162    -0.058567     9.867423 -0.347465
457  0.617806     0.595980     4.449149  1.188764
458  0.956019     0.484969     8.061152  1.831844
459  2.047455     0.161027     4.121107  2.596030
460  2.700237     0.110970     3.078935  2.738336
461       NaN          NaN     0.405306  1.188764
462  0.583720     0.443883     8.061152  0.545366
463  1.879283    -0.061719     4.815324 -1.352021
464  0.708810     0.569683     3.248878  0.945547
465  0.406574     0.555698     9.167283  1.188764
466  1.574368    -0.022363     9.167283 -0.256198
467  2.461236    -0.034655     4.632980 -2.920237
468  1.917095    -0.052481     2.580056 -1.710748
469  0.387870     0.573432     7.422231  1.188764
470  1.522864     0.385227     7.422231  1.905106
471  2.331646     0.012753     8.749317 -2.528411
472  0.476071     0.585889     6.077016  1.345008
473  0.670061     0.567542     5.296374  1.345008
474  0.372164     0.590800     6.077016  1.132428
475  2.071161    -0.017099     7.928133 -1.754284
476  2.406266    -0.027095     9.396208 -2.453065
477  0.462891     0.610815     4.561356  1.132428
478  0.844690     0.295532     4.561356  0.188322
479  0.576703     0.444517     3.049720  0.380638
480  2.326416     0.128513     2.698519  2.028154
481  0.369051     0.592890     6.078431  1.132428
482  0.366334     0.587205     6.078431  1.032946
483  1.094673     0.172579     9.645759  0.234591
484  1.895539     0.083397     1.669835  0.485764
485  0.417867     0.547147     8.659727  1.032946
486  0.497335     0.569005     8.659727  1.648961
487  1.735796    -0.013227     0.354850 -2.160671
488  0.991659     0.340665     4.740592  2.489583
489  0.413542     0.613966     4.257571  1.032946
490  1.879870    -0.005930     4.257571 -1.869980
491  1.858718    -0.066252     2.283565 -1.518901
492  3.890376    -0.015978     1.374806  2.254566
493  0.393844     0.564562     7.415707  1.032946
494  0.381048     0.574043     7.415707  0.998274
495  0.364430     0.588404     4.824586  0.833738
496  2.237381     0.010231     6.667030 -2.688643
497  0.389784     0.570113     6.621160  0.833738
498  1.616260    -0.034332     6.621160 -0.457862
499  2.069079    -0.033917     7.753749 -1.625752