error: 0.26 | highest correlation: nan
best global temp: 6.831663659720401 | best alpha: 1.0958621837260276 | best average temperature: 1.18
time scale: <class 'ising.Jij_sorted_ising'> | partial correlation: False

        error  correlation  global temp     alpha
0    0.598335     0.594362     4.228518  1.321947
1    1.333206     0.314755     3.288842  2.762276
2    2.002791    -0.003910     3.521288 -2.105277
3    1.766545    -0.029391     0.350892 -2.105277
4    1.500144     0.009180     0.350892 -1.607976
5    0.590862     0.598199     4.228518  1.321947
6    0.591545     0.598097     4.228518  1.321947
7    0.605935     0.595655     4.228518  1.321947
8    1.838651    -0.006878     0.100000 -3.000000
9    1.843659    -0.003281     0.100000 -3.000000
10   1.811918     0.001798     0.100000 -3.000000
11   1.605317    -0.050984     2.080683 -0.926518
12   1.616694    -0.054868     2.080683 -0.926518
13   1.624932    -0.051735     2.080683 -0.926518
14   0.265187     0.661066     3.899389  0.977398
15   0.273462     0.655078     3.899389  0.977398
16   0.269679     0.657725     3.899389  0.977398
17   0.509018     0.611676     4.152799  1.242681
18   0.494330     0.613944     4.152799  1.242681
19   0.505699     0.611132     4.152799  1.242681
20   0.552795     0.603452     4.190232  1.281867
21   0.538689     0.614632     4.190232  1.281867
22   0.541037     0.608825     4.190232  1.281867
23   0.559256     0.606938     4.208322  1.300805
24   0.564311     0.603943     4.208322  1.300805
25   0.576417     0.601376     4.208322  1.300805
26   0.592791     0.599790     4.224841  1.318097
27   0.579545     0.601164     4.224841  1.318097
28   0.576756     0.608090     4.224841  1.318097
29   0.596011     0.601669     4.226553  1.319890
30   0.603293     0.596890     4.226553  1.319890
31   0.589702     0.607635     4.226553  1.319890
32   0.594473     0.596257     4.227876  1.321275
33   0.617084     0.590185     4.227876  1.321275
34   0.603808     0.598975     4.227876  1.321275
35   0.585308     0.604375     4.228420  1.321845
36   0.583998     0.600905     4.228420  1.321845
37   0.583055     0.603761     4.228420  1.321845
38   0.592664     0.596411     4.228482  1.321909
39   0.593479     0.597643     4.228482  1.321909
40   0.602735     0.597976     4.228482  1.321909
41   0.584862     0.611034     4.228509  1.321938
42   0.603327     0.594968     4.228509  1.321938
43   0.581120     0.602975     4.228509  1.321938
44   0.588686     0.604355     4.228516  1.321945
45   0.592769     0.596116     4.228516  1.321945
46   0.587873     0.606197     4.228516  1.321945
47   0.606077     0.597973     4.228517  1.321946
48   0.593737     0.600778     4.228517  1.321946
49   0.585807     0.602671     4.228517  1.321946
50   0.590145     0.604295     4.228518  1.321947
51   0.596274     0.596698     4.228518  1.321947
52   0.594389     0.599019     4.228518  1.321947
53   0.607916     0.593403     4.228516  1.321946
54   0.601141     0.596355     4.228516  1.321946
55   0.582806     0.606228     4.228516  1.321946
56   0.588310     0.603401     4.228517  1.321946
57   0.589176     0.601252     4.228517  1.321946
58   0.607591     0.595740     4.228517  1.321946
59   0.598305     0.599022     4.228517  1.321946
60   0.595810     0.603157     4.228517  1.321946
61   0.580420     0.607174     4.228517  1.321946
62   0.584247     0.602701     4.228517  1.321946
63   0.580711     0.597988     4.228517  1.321946
64   0.603313     0.593770     4.228517  1.321946
65   0.590813     0.601372     4.228517  1.321946
66   0.601809     0.596160     4.228517  1.321946
67   0.589816     0.600094     4.228517  1.321946
68   0.595695     0.601223     4.228517  1.321946
69   0.599402     0.597952     4.228517  1.321946
70   0.588821     0.601586     4.228517  1.321946
71   0.597279     0.598134     4.228517  1.321946
72   0.599351     0.594907     4.228517  1.321946
73   0.591980     0.600988     4.228517  1.321946
74   1.581119    -0.047238     1.234020 -0.943635
75   1.539125     0.433396     7.624710  2.747056
76   1.344961     0.455008     8.412883  2.747056
77   1.466825     0.436730     8.412883  2.819022
78   3.329509     0.081337     1.330926  1.701804
79   1.330334     0.464262     9.531844  2.907635
80   1.334570     0.357547     3.346468  2.907635
81   0.722313     0.606668     3.346468  1.195942
82        NaN          NaN     0.740907  2.316523
83        NaN          NaN     0.664623  1.262085
84   1.001371     0.581893     3.022596  1.195942
85   1.576708    -0.043887     3.022596 -0.707763
86   1.633975    -0.051533     5.630616 -0.707513
87   1.924018    -0.046561     6.370370 -1.435306
88   1.980246    -0.041453     8.767586 -1.435306
89   1.539485     0.429363     8.767586  2.998859
90   2.754056     0.140656     2.013415  2.166892
91   1.996549    -0.029637     4.587134 -1.559390
92   1.963766    -0.036429     5.648866 -1.559390
93   2.054703     0.379661     5.648866  2.471661
94   0.883758     0.245553     1.721540 -0.185310
95   1.684263    -0.071125     4.794198 -0.720701
96   1.653542    -0.060433     5.902846 -0.720701
97   2.447278    -0.030760     5.902846 -2.700717
98   1.866324    -0.055848     5.017548 -1.402873
99   0.681915     0.356779     6.372309  0.334794
100  0.531777     0.449012     4.862448  0.334794
101  2.364754    -0.002797     4.862448 -2.733608
102  0.555608     0.433599     4.862448  0.334794
103  0.505456     0.466767     4.862448  0.334794
104  0.534909     0.447081     4.862448  0.334794
105  1.285439     0.464582    10.000000  3.000000
106  1.274543     0.458174    10.000000  3.000000
107  1.305972     0.454333    10.000000  3.000000
108  0.266725     0.646737     6.578405  1.224981
109  0.266722     0.647209     6.578405  1.224981
110  0.268325     0.644624     6.578405  1.224981
111  0.333117     0.586392     5.437472  0.633099
112  0.326475     0.591873     5.437472  0.633099
113  0.328176     0.590718     5.437472  0.633099
114  0.449418     0.503989     5.039951  0.426877
115  0.463090     0.494487     5.039951  0.426877
116  0.446081     0.506585     5.039951  0.426877
117  0.494136     0.473714     4.927570  0.368577
118  0.498524     0.470938     4.927570  0.368577
119  0.504729     0.466582     4.927570  0.368577
120  0.543561     0.441495     4.885946  0.346984
121  0.521423     0.455680     4.885946  0.346984
122  0.564843     0.427459     4.885946  0.346984
123  0.521206     0.456002     4.869591  0.338500
124  0.533020     0.448340     4.869591  0.338500
125  0.541838     0.442071     4.869591  0.338500
126  0.562769     0.429105     4.865294  0.336271
127  0.516692     0.459053     4.865294  0.336271
128  0.575636     0.420754     4.865294  0.336271
129  0.566943     0.426356     4.863145  0.335155
130  0.559020     0.431142     4.863145  0.335155
131  0.566274     0.426457     4.863145  0.335155
132  0.549329     0.437470     4.862665  0.334907
133  0.558016     0.431936     4.862665  0.334907
134  0.536734     0.445781     4.862665  0.334907
135  0.518887     0.457701     4.862521  0.334832
136  0.561771     0.429458     4.862521  0.334832
137  0.536959     0.445724     4.862521  0.334832
138  0.559875     0.430561     4.862483  0.334812
139  0.551817     0.435939     4.862483  0.334812
140  0.563659     0.428419     4.862483  0.334812
141  0.557943     0.432143     4.862459  0.334800
142  0.558241     0.431772     4.862459  0.334800
143  0.549839     0.437168     4.862459  0.334800
144  0.557584     0.432315     4.862451  0.334796
145  0.554263     0.434329     4.862451  0.334796
146  0.545935     0.439757     4.862451  0.334796
147  0.564955     0.427574     4.862449  0.334795
148  0.551435     0.436125     4.862449  0.334795
149  0.532467     0.448591     4.862449  0.334795
150  0.554267     0.434420     4.862448  0.334794
151  0.558819     0.431300     4.862448  0.334794
152  0.550866     0.436750     4.862448  0.334794
153  0.576860     0.419872     4.862448  0.334794
154  0.516200     0.459421     4.862448  0.334794
155  0.555711     0.433596     4.862448  0.334794
156  0.559606     0.431001     4.862448  0.334794
157  0.537148     0.445586     4.862448  0.334794
158  0.562125     0.429122     4.862448  0.334794
159  0.529518     0.450490     4.862448  0.334794
160  0.534472     0.446986     4.862448  0.334794
161  0.544152     0.440902     4.862448  0.334794
162  0.576522     0.420138     4.862448  0.334794
163  0.516001     0.459321     4.862448  0.334794
164  0.559840     0.430800     4.862448  0.334794
165  0.552199     0.435653     4.862448  0.334794
166  0.560318     0.430485     4.862448  0.334794
167  0.549389     0.437616     4.862448  0.334794
168  0.531461     0.449107     4.862448  0.334794
169  0.565881     0.427050     4.862448  0.334794
170  0.541416     0.442760     4.862448  0.334794
171  0.535801     0.446461     4.862448  0.334794
172  0.561377     0.429672     4.862448  0.334794
173  0.531892     0.448952     4.862448  0.334794
174  0.860334     0.258740     9.231210  0.296958
175  1.501677    -0.020951     5.640900 -0.286807
176  1.413969     0.011130     5.108947 -0.286807
177  1.979725     0.380843     5.108947  2.591425
178  1.553695    -0.039611     4.014239 -0.486699
179  1.857827    -0.029278     9.904413 -1.313284
180  1.707437    -0.042148     1.803358 -1.313284
181  1.161269     0.114817     1.803358 -0.359987
182  1.033112     0.433690     1.650163  0.679605
183  1.155700     0.322638     3.774237  2.582200
184       NaN          NaN     0.576846  2.582200
185  0.650084     0.375073     3.774237  0.225104
186  1.973064    -0.035063     1.826112 -2.042583
187  2.587403    -0.027790     7.835338 -2.689651
188  2.563725    -0.013836     6.631192 -2.689651
189  1.780249    -0.032602     6.631192 -1.117555
190  1.102104     0.332934     2.431108  1.954325
191  1.711180    -0.035714     8.628397 -0.975203
192  1.708457    -0.034807     8.959344 -0.975203
193  1.656067    -0.047925     8.959344 -0.628926
194  1.989476     0.402275     4.814388  2.255552
195  2.302505    -0.006026     3.305454 -2.812336
196  2.576256    -0.019292     9.148229 -2.812336
197  1.832234    -0.058457     9.148229 -0.994234
198  2.423347    -0.044386     8.874187 -2.450734
199       NaN          NaN     0.375795  2.422322
200  2.376361    -0.008845     7.204605 -2.450734
201  1.801142     0.403075     7.204605  2.925065
202  0.536557     0.597568     9.219870  1.977464
203  0.587719     0.594741     5.050009  1.460705
204  0.277064     0.636890     9.912393  1.460705
205  0.382787     0.630158     9.912393  1.818607
206  0.287114     0.629476     9.912393  1.460705
207  0.286887     0.630005     9.912393  1.460705
208  0.285492     0.630795     9.912393  1.460705
209  1.321020     0.455530    10.000000  3.000000
210  1.336870     0.450352    10.000000  3.000000
211  1.198092     0.472182    10.000000  3.000000
212  0.868836     0.524531     9.963399  2.356901
213  0.846772     0.528553     9.963399  2.356901
214  0.833485     0.532853     9.963399  2.356901
215  0.285977     0.633457     9.913472  1.479661
216  0.289437     0.629479     9.913472  1.479661
217  0.289085     0.630264     9.913472  1.479661
218  0.288852     0.630174     9.912974  1.470917
219  0.287950     0.630027     9.912974  1.470917
220  0.288808     0.629093     9.912974  1.470917
221  0.284578     0.632342     9.912581  1.464012
222  0.286463     0.630222     9.912581  1.464012
223  0.283440     0.632480     9.912581  1.464012
224  0.282726     0.633114     9.912439  1.461520
225  0.289147     0.628522     9.912439  1.461520
226  0.285620     0.631848     9.912439  1.461520
227  0.282362     0.633421     9.912418  1.461144
228  0.290666     0.627345     9.912418  1.461144
229  0.284639     0.631389     9.912418  1.461144
230  0.282525     0.633217     9.912406  1.460938
231  0.288732     0.628775     9.912406  1.460938
232  0.286620     0.630769     9.912406  1.460938
233  0.284657     0.630855     9.912400  1.460833
234  0.284442     0.631855     9.912400  1.460833
235  0.284425     0.631909     9.912400  1.460833
236  0.285040     0.631269     9.912395  1.460745
237  0.290059     0.628039     9.912395  1.460745
238  0.286989     0.630083     9.912395  1.460745
239  0.288492     0.628902     9.912394  1.460726
240  0.289458     0.628253     9.912394  1.460726
241  0.289705     0.627829     9.912394  1.460726
242  0.290360     0.627582     9.912394  1.460715
243  0.284041     0.631750     9.912394  1.460715
244  0.290967     0.626865     9.912394  1.460715
245  0.286823     0.629505     9.912393  1.460709
246  0.285814     0.630922     9.912393  1.460709
247  0.289588     0.628102     9.912393  1.460709
248  0.287239     0.630117     9.912393  1.460707
249  0.283586     0.632421     9.912393  1.460707
250  0.286939     0.630124     9.912393  1.460707
251  0.285089     0.631322     9.912393  1.460706
252  0.287974     0.629493     9.912393  1.460706
253  0.284956     0.631343     9.912393  1.460706
254  0.291003     0.627075     9.912393  1.460706
255  0.286598     0.630535     9.912393  1.460706
256  0.285859     0.630635     9.912393  1.460706
257  0.284152     0.632361     9.912393  1.460706
258  0.285724     0.631615     9.912393  1.460706
259  0.283156     0.632666     9.912393  1.460706
260  0.286469     0.630722     9.912393  1.460706
261  0.287265     0.629802     9.912393  1.460706
262  0.284897     0.631936     9.912393  1.460706
263  0.283934     0.632420     9.912393  1.460706
264  0.286212     0.630628     9.912393  1.460706
265  0.283917     0.632957     9.912393  1.460706
266  0.290036     0.628130     9.912393  1.460706
267  0.288869     0.628531     9.912393  1.460706
268  0.284358     0.631594     9.912393  1.460706
269  0.286419     0.630463     9.912393  1.460706
270  0.280135     0.635449     9.912393  1.460706
271  0.286288     0.630674     9.912393  1.460706
272  0.288081     0.628487     9.912393  1.460706
273  0.287950     0.629393     9.912393  1.460706
274  0.284356     0.631971     9.912393  1.460706
275  0.279569     0.635488     9.912393  1.460706
276  0.285498     0.631494     9.912393  1.460706
277  0.288606     0.629089     9.912393  1.460706
278  0.284985     0.631560     9.912389  1.460708
279  0.287182     0.629741     9.912389  1.460708
280  0.286599     0.630448     9.912389  1.460708
281  0.283802     0.632657     9.912392  1.460706
282  0.289363     0.628700     9.912392  1.460706
283  0.281652     0.635096     9.912392  1.460706
284  0.289126     0.628251     9.912393  1.460706
285  0.291739     0.626554     9.912393  1.460706
286  0.282579     0.633185     9.912393  1.460706
287  0.283503     0.632986     9.912393  1.460706
288  0.287099     0.630113     9.912393  1.460706
289  0.288920     0.628162     9.912393  1.460706
290  0.285088     0.632486     9.912393  1.460706
291  0.287600     0.629684     9.912393  1.460706
292  0.287902     0.629539     9.912393  1.460706
293  0.292697     0.625834     9.912393  1.460706
294  0.284330     0.631838     9.912393  1.460706
295  0.279708     0.635305     9.912393  1.460706
296  0.283284     0.633222     9.912393  1.460706
297  0.285149     0.631876     9.912393  1.460706
298  0.283558     0.633052     9.912393  1.460706
299  2.216145     0.044251     6.119610 -2.475934
300  0.431212     0.514784     9.227645  0.635517
301  0.327191     0.590152     5.050059  0.635517
302  0.298497     0.645393     5.050059  1.158829
303  2.222363    -0.019977     8.841469 -1.657738
304  0.464638     0.492187     8.526889  0.589870
305  0.323612     0.593386     4.548473  0.589870
306  2.033935    -0.015690     4.548473 -1.977781
307  1.076576     0.515473     5.955153  1.956937
308  1.928802     0.001071     9.929339 -1.547700
309  0.356128     0.570074     5.663606  0.589870
310  0.542224     0.442325     5.663606  0.372025
311  0.444458     0.506308     3.690604  0.357798
312  2.352438    -0.040160     5.119612 -2.351964
313  0.753276     0.316118     9.400361  0.357798
314  0.859762     0.525246     9.400361  2.288743
315  2.106672     0.020760     2.194482 -2.539524
316  0.583840     0.415068     9.252512  0.479585
317  0.461432     0.495430     6.162008  0.479585
318  2.128760    -0.023560     6.162008 -1.832463
319  1.680037    -0.050784     7.168366 -0.813483
320  0.740501     0.352953     2.182016  1.329725
321  1.621326     0.516941     2.753548  1.329725
322  0.628283     0.385026     2.182016  0.098752
323  0.352571     0.569550     3.337688  0.464937
324  2.212292    -0.015900     6.330320 -2.051094
325  0.534404     0.446335     6.234020  0.464937
326  1.675521    -0.037661     3.337688 -1.164537
327  1.906494    -0.041302     7.895408 -1.264412
328  1.690145    -0.050844     2.449382 -1.150331
329  0.510677     0.462196     6.443581  0.464937
330  0.550703     0.435749     3.337688  0.235382
331  1.945285    -0.024529     1.754062 -1.896159
332  0.959819     0.207999     1.011882 -0.388836
333  0.899896     0.238660     7.741422  0.235382
334  1.377694     0.023816     3.337688 -0.304539
335  1.784134    -0.040154     7.819300 -1.178868
336  1.922006    -0.029271     8.336969 -1.378530
337  0.674921     0.360682     4.402309  0.235382
338  0.326180     0.646154     4.402309  1.131022
339  1.561233    -0.043811     2.892384 -0.574300
340  1.382620     0.021957     3.183568 -0.321237
341  0.288238     0.612733     8.618283  1.131022
342  1.267831     0.458342     8.618283  2.632772
343  0.551311     0.591079     9.033136  1.945178
344  0.905906     0.520320     9.412825  2.391330
345       NaN          NaN     0.250499  1.945178
346  0.280798     0.622082     9.033136  1.256017
347  2.160317    -0.031287     7.377977 -1.845779
348  0.841907     0.406486     3.930941  2.550470
349  1.035892     0.569475     3.167553  1.256017
350  0.394039     0.624832     9.033136  1.747743
351  1.104611     0.140113     1.579296 -0.348074
352  0.274133     0.627766     4.057488  0.695087
353  0.374639     0.554147     7.152177  0.695087
354  1.549152     0.439138     7.152177  2.740350
355  0.273328     0.628627     4.057488  0.695087
356  0.269958     0.631411     4.057488  0.695087
357  0.264660     0.636253     4.057488  0.695087
358  1.190777     0.472678    10.000000  3.000000
359  1.309657     0.451383    10.000000  3.000000
360  1.323738     0.452680    10.000000  3.000000
361  0.255648     0.642755     4.169282  0.738449
362  0.252548     0.645366     4.169282  0.738449
363  0.256691     0.641774     4.169282  0.738449
364  0.267700     0.632993     4.088075  0.706951
365  0.266441     0.633981     4.088075  0.706951
366  0.268114     0.632761     4.088075  0.706951
367  0.269291     0.631882     4.066873  0.698727
368  0.268914     0.632369     4.066873  0.698727
369  0.268804     0.632312     4.066873  0.698727
370  0.276166     0.625988     4.060483  0.696249
371  0.269570     0.631727     4.060483  0.696249
372  0.272688     0.629028     4.060483  0.696249
373  0.268331     0.632797     4.058079  0.695316
374  0.266095     0.634966     4.058079  0.695316
375  0.268190     0.633077     4.058079  0.695316
376  0.264433     0.636728     4.057654  0.695152
377  0.269929     0.631406     4.057654  0.695152
378  0.269139     0.632152     4.057654  0.695152
379  0.270773     0.630728     4.057572  0.695120
380  0.274400     0.627711     4.057572  0.695120
381  0.269298     0.632189     4.057572  0.695120
382  0.262999     0.637483     4.057523  0.695100
383  0.273764     0.628242     4.057523  0.695100
384  0.267634     0.633303     4.057523  0.695100
385  0.270900     0.630889     4.057507  0.695094
386  0.266242     0.634718     4.057507  0.695094
387  0.271394     0.630307     4.057507  0.695094
388  0.268489     0.632988     4.057493  0.695089
389  0.269770     0.631631     4.057493  0.695089
390  0.278108     0.624634     4.057493  0.695089
391  0.262628     0.638069     4.057491  0.695088
392  0.268079     0.633151     4.057491  0.695088
393  0.272734     0.629161     4.057491  0.695088
394  0.265027     0.635736     4.057485  0.695084
395  0.268897     0.632277     4.057485  0.695084
396  0.269843     0.631810     4.057485  0.695084
397  0.269678     0.631811     4.057490  0.695087
398  0.263185     0.637621     4.057490  0.695087
399  0.268477     0.632830     4.057490  0.695087
400  0.268720     0.632556     4.057490  0.695088
401  0.265449     0.635314     4.057490  0.695088
402  0.267545     0.633722     4.057490  0.695088
403  0.267238     0.633720     4.057491  0.695088
404  0.266531     0.634442     4.057491  0.695088
405  0.265215     0.635763     4.057491  0.695088
406  0.270237     0.631217     4.057491  0.695088
407  0.265866     0.635044     4.057491  0.695088
408  0.277163     0.625277     4.057491  0.695088
409  0.271993     0.629765     4.057491  0.695088
410  0.267743     0.633585     4.057491  0.695088
411  0.268249     0.633137     4.057491  0.695088
412  0.267226     0.633712     4.057491  0.695088
413  0.263041     0.637515     4.057491  0.695088
414  0.266712     0.634519     4.057491  0.695088
415  0.267775     0.633444     4.057491  0.695088
416  0.271458     0.630128     4.057491  0.695088
417  0.266719     0.634277     4.057491  0.695088
418  0.270288     0.631141     4.057491  0.695088
419  0.273016     0.628699     4.057491  0.695088
420  0.275904     0.626483     4.057491  0.695088
421  0.269556     0.631888     4.057491  0.695088
422  0.269127     0.632185     4.057491  0.695088
423  0.264120     0.636654     4.057491  0.695088
424  0.270113     0.631393     4.057491  0.695088
425  0.267601     0.633608     4.057491  0.695088
426  0.270906     0.630566     4.057491  0.695088
427  1.224671     0.184653     0.666670  0.041163
428  1.196605     0.102020     0.162642 -0.946303
429  0.361540     0.564802     7.705981  0.695088
430  0.275469     0.637185     7.705981  1.296832
431  0.934001     0.519657     7.193768  2.058408
432  0.258116     0.639339     6.831648  1.095853
433  0.268404     0.629802     7.378493  1.095853
434  1.680612    -0.053813     7.378493 -0.801054
435  0.263659     0.634452     6.831648  1.095853
436  0.263287     0.634876     6.831648  1.095853
437  0.258966     0.638610     6.831648  1.095853
438  1.221484     0.467848    10.000000  3.000000
439  1.290887     0.457830    10.000000  3.000000
440  1.175584     0.475324    10.000000  3.000000
441  0.263562     0.638170     6.941944  1.162140
442  0.257485     0.643407     6.941944  1.162140
443  0.265582     0.636672     6.941944  1.162140
444  0.253233     0.643917     6.850891  1.107418
445  0.261760     0.636541     6.850891  1.107418
446  0.257566     0.640071     6.850891  1.107418
447  0.258853     0.638977     6.842381  1.102303
448  0.257060     0.640605     6.842381  1.102303
449  0.258736     0.639313     6.842381  1.102303
450  0.253718     0.642989     6.834347  1.097475
451  0.255443     0.641676     6.834347  1.097475
452  0.253454     0.643203     6.834347  1.097475
453  0.255459     0.641470     6.832783  1.096535
454  0.254333     0.642728     6.832783  1.096535
455  0.259355     0.637997     6.832783  1.096535
456  0.254156     0.642638     6.832103  1.096126
457  0.258699     0.638887     6.832103  1.096126
458  0.252498     0.644187     6.832103  1.096126
459  0.254838     0.641823     6.831878  1.095991
460  0.259956     0.637556     6.831878  1.095991
461  0.254659     0.641978     6.831878  1.095991
462  0.256313     0.641102     6.831769  1.095926
463  0.260256     0.637573     6.831769  1.095926
464  0.254768     0.642076     6.831769  1.095926
465  0.253525     0.643274     6.831708  1.095889
466  0.261574     0.636350     6.831708  1.095889
467  0.259946     0.637941     6.831708  1.095889
468  0.257453     0.640103     6.831682  1.095873
469  0.256970     0.640348     6.831682  1.095873
470  0.262227     0.635836     6.831682  1.095873
471  0.255725     0.641131     6.831664  1.095862
472  0.254108     0.642625     6.831664  1.095862
473  0.256275     0.640923     6.831664  1.095862
474  0.257954     0.639307     6.831690  1.095872
475  0.255067     0.641798     6.831690  1.095872
476  0.255112     0.641947     6.831690  1.095872
477  0.260770     0.637148     6.831667  1.095863
478  0.261384     0.636920     6.831667  1.095863
479  0.251991     0.644433     6.831667  1.095863
480  0.257261     0.640031     6.831664  1.095862
481  0.259255     0.638306     6.831664  1.095862
482  0.252831     0.643816     6.831664  1.095862
483  0.260694     0.637204     6.831664  1.095862
484  0.259257     0.638490     6.831664  1.095862
485  0.254990     0.641968     6.831664  1.095862
486  0.255874     0.641075     6.831664  1.095862
487  0.252503     0.644033     6.831664  1.095862
488  0.254580     0.642108     6.831664  1.095862
489  0.258053     0.639399     6.831664  1.095862
490  0.257614     0.639801     6.831664  1.095862
491  0.253573     0.643234     6.831664  1.095862
492  0.256584     0.640550     6.831664  1.095862
493  0.258752     0.639087     6.831664  1.095862
494  0.251858     0.644645     6.831664  1.095862
495  0.258332     0.638961     6.831664  1.095862
496  0.257915     0.639284     6.831664  1.095862
497  0.259150     0.638483     6.831664  1.095862
498  0.256291     0.641124     6.831664  1.095862
499  0.260347     0.637231     6.831664  1.095862
500  0.255186     0.641788     6.831664  1.095862